lead_id;fecha_registro;canal;empresa_id;punto_venta_id;modelo_cotizado;precio_lista;horas_al_primer_contacto;numero_contactos;manifesto_cuota_inicial;forma_pago_declarada;pidio_cita;desenlace
HX-00001;7/04/2026;WhatsApp;EMP-03;PV-013;Bajaj Pulsar RS 200;15490000;8;4;NO_INFORMA;no_informa;NO;Perdido
HX-00002;18/03/2026;Meta Ads;EMP-02;PV-008;Hero Xpulse 200;14990000;1;3;NO;credito;NO;Perdido
HX-00003;7/05/2026;WhatsApp;EMP-02;PV-007;Honda Dio 110;6890000;48;3;NO_INFORMA;credito;NO;Perdido
HX-00004;23/05/2026;WhatsApp;EMP-02;PV-008;Hero Hunk 160R;10490000;8;1;NO_INFORMA;contado;NO;Perdido
HX-00005;28/05/2026;WhatsApp;EMP-01;PV-005;Hero Dash 110;6290000;0.5;6;NO_INFORMA;credito;SI;Perdido
HX-00006;7/06/2026;WhatsApp;EMP-01;PV-004;Hero Hunk 160R;10490000;72;3;NO;credito;SI;Perdido
HX-00007;9/04/2026;Formulario Web;EMP-02;PV-006;AKT NKD 125;5290000;120;6;NO_INFORMA;credito;NO;Perdido
HX-00008;9/07/2026;Formulario Web;EMP-03;PV-014;Hero Xpulse 200;14990000;2;4;NO_INFORMA;credito;NO;Perdido
HX-00009;26/04/2026;WhatsApp;EMP-01;PV-003;Honda XR 150L;11490000;2;7;SI;credito;NO;Perdido
HX-00010;17/06/2026;WhatsApp;EMP-02;PV-010;Suzuki V-Strom 250;21900000;0.5;4;NO;credito;NO;Perdido
HX-00011;11/07/2026;Meta Ads;EMP-03;PV-011;AKT NKD 125;5290000;48;7;NO;credito;SI;Perdido
HX-00012;18/07/2026;Meta Ads;EMP-01;PV-001;Honda Dio 110;6890000;2;2;SI;credito;SI;Perdido
HX-00013;25/04/2026;WhatsApp;EMP-02;PV-010;AKT NKD 125;5290000;8;4;NO_INFORMA;credito;SI;Perdido
HX-00014;7/05/2026;WhatsApp;EMP-02;PV-008;Bajaj Pulsar NS 160;11290000;8;6;NO_INFORMA;credito;NO;Perdido
HX-00015;28/03/2026;WhatsApp;EMP-02;PV-007;Bajaj Discover 125;6990000;48;6;NO_INFORMA;credito;SI;Cerrado
HX-00016;15/06/2026;WhatsApp;EMP-02;PV-008;AKT NKD 125;5290000;48;1;NO_INFORMA;credito;NO;Perdido
HX-00017;28/04/2026;Formulario Web;EMP-02;PV-006;AKT TTR 200;9890000;2;6;SI;contado;NO;Perdido
HX-00018;12/06/2026;WhatsApp;EMP-01;PV-003;AKT Dynamic R3 125;5590000;72;4;NO_INFORMA;credito;NO;Perdido
HX-00019;25/04/2026;Formulario Web;EMP-01;PV-001;Bajaj Boxer CT 100;5790000;24;6;NO_INFORMA;credito;NO;Perdido
HX-00020;26/04/2026;Meta Ads;EMP-01;PV-005;Honda CB 190R;13990000;4;1;NO;credito;SI;Perdido
HX-00021;17/06/2026;Meta Ads;EMP-01;PV-003;Bajaj Dominar 400;24900000;24;4;SI;credito;SI;Perdido
HX-00022;28/04/2026;WhatsApp;EMP-02;PV-008;Bajaj Pulsar NS 160;11290000;8;7;NO;no_informa;SI;Perdido
HX-00023;6/06/2026;Meta Ads;EMP-03;PV-011;Suzuki Gixxer 150;11990000;72;5;NO_INFORMA;credito;NO;Perdido
HX-00024;22/05/2026;WhatsApp;EMP-01;PV-005;Honda Dio 110;6890000;24;7;SI;credito;NO;Perdido
HX-00025;1/06/2026;WhatsApp;EMP-03;PV-013;Bajaj Pulsar NS 125;8990000;2;3;NO;no_informa;NO;Perdido
HX-00026;14/06/2026;WhatsApp;EMP-03;PV-012;AKT Evo RS 150;7190000;2;3;SI;credito;SI;Cerrado
HX-00027;19/07/2026;Formulario Web;EMP-02;PV-010;Suzuki Gixxer 150;11990000;0.5;2;SI;contado;NO;Perdido
HX-00028;19/04/2026;WhatsApp;EMP-02;PV-008;Bajaj Discover 125;6990000;4;3;NO;credito;NO;Perdido
HX-00029;14/04/2026;Meta Ads;EMP-01;PV-004;Honda XRE 300;22900000;120;4;NO;credito;NO;Perdido
HX-00030;4/05/2026;WhatsApp;EMP-01;PV-002;Bajaj Discover 125;6990000;2;6;NO;credito;NO;Perdido
HX-00031;9/07/2026;Meta Ads;EMP-03;PV-013;Bajaj Pulsar NS 160;11290000;4;2;NO_INFORMA;contado;NO;Perdido
HX-00032;23/06/2026;Meta Ads;EMP-03;PV-014;Bajaj Boxer CT 100;5790000;8;2;NO;credito;SI;Perdido
HX-00033;6/05/2026;WhatsApp;EMP-03;PV-014;Bajaj Pulsar RS 200;15490000;2;4;NO_INFORMA;credito;SI;Perdido
HX-00034;12/06/2026;WhatsApp;EMP-02;PV-007;Honda CB 190R;13990000;1;7;NO_INFORMA;credito;NO;Cerrado
HX-00035;6/03/2026;WhatsApp;EMP-01;PV-002;Bajaj Pulsar NS 125;8990000;1;1;SI;credito;NO;Perdido
HX-00036;5/05/2026;Meta Ads;EMP-01;PV-002;Honda Dio 110;6890000;1;6;NO_INFORMA;credito;NO;Perdido
HX-00037;27/06/2026;Formulario Web;EMP-02;PV-008;Honda Navi;7290000;4;4;NO;credito;SI;Perdido
HX-00038;15/07/2026;Formulario Web;EMP-03;PV-013;Bajaj Discover 125;6990000;24;4;NO;credito;NO;Perdido
HX-00039;27/06/2026;Formulario Web;EMP-03;PV-013;Honda CB 125F Twister;7990000;72;1;NO;credito;NO;Perdido
HX-00040;4/07/2026;WhatsApp;EMP-03;PV-013;Honda XR 150L;11490000;2;2;NO;credito;SI;Perdido
HX-00041;24/03/2026;Meta Ads;EMP-02;PV-008;Bajaj Pulsar NS 160;11290000;16;3;SI;contado;NO;Perdido
HX-00042;15/07/2026;Meta Ads;EMP-02;PV-010;Hero Dash 110;6290000;2;7;NO_INFORMA;credito;SI;Perdido
HX-00043;27/03/2026;Meta Ads;EMP-03;PV-011;AKT Dynamic R3 125;5590000;24;1;NO;credito;SI;Perdido
HX-00044;9/07/2026;Meta Ads;EMP-03;PV-012;Honda CB 190R;13990000;72;4;NO;credito;NO;Perdido
HX-00045;13/07/2026;Meta Ads;EMP-01;PV-003;Bajaj Pulsar RS 200;15490000;4;6;NO;contado;NO;Perdido
HX-00046;6/04/2026;WhatsApp;EMP-02;PV-006;Suzuki Best 125;6590000;;0;SI;credito;SI;Sin gestión
HX-00047;16/04/2026;Meta Ads;EMP-01;PV-003;Suzuki V-Strom 250;21900000;1;3;SI;contado;NO;Cerrado
HX-00048;24/07/2026;Formulario Web;EMP-03;PV-014;Hero Xpulse 200;14990000;72;6;SI;no_informa;NO;Perdido
HX-00049;14/06/2026;Formulario Web;EMP-02;PV-008;Suzuki Gixxer 150;11990000;1;4;SI;contado;NO;Perdido
HX-00050;21/03/2026;Formulario Web;EMP-01;PV-002;Hero Xpulse 200;14990000;1;4;SI;credito;NO;Perdido
HX-00051;20/04/2026;Meta Ads;EMP-01;PV-001;Hero Xpulse 200;14990000;1;3;NO_INFORMA;credito;NO;Perdido
HX-00052;13/03/2026;WhatsApp;EMP-03;PV-015;Hero Eco Deluxe 100;4990000;72;6;SI;credito;NO;Perdido
HX-00053;29/05/2026;Meta Ads;EMP-01;PV-003;Hero Dash 110;6290000;16;6;SI;no_informa;NO;Perdido
HX-00054;29/03/2026;WhatsApp;EMP-03;PV-014;Honda Navi;7290000;4;2;NO_INFORMA;no_informa;SI;Perdido
HX-00055;13/06/2026;WhatsApp;EMP-01;PV-004;Bajaj Dominar 400;24900000;48;5;NO;contado;NO;Perdido
HX-00056;23/06/2026;Meta Ads;EMP-02;PV-007;Suzuki Gixxer 150;11990000;120;4;NO_INFORMA;contado;SI;Perdido
HX-00057;9/05/2026;Meta Ads;EMP-02;PV-008;Hero Eco Deluxe 100;4990000;24;6;NO_INFORMA;no_informa;NO;Perdido
HX-00058;15/07/2026;Meta Ads;EMP-02;PV-008;Honda CB 125F Twister;7990000;24;5;NO_INFORMA;credito;SI;Perdido
HX-00059;22/07/2026;WhatsApp;EMP-01;PV-003;Bajaj Dominar 400;24900000;24;1;SI;credito;NO;Cerrado
HX-00060;17/04/2026;Meta Ads;EMP-01;PV-005;Hero Dash 110;6290000;48;7;NO_INFORMA;credito;NO;Perdido
HX-00061;24/06/2026;Meta Ads;EMP-03;PV-013;Hero Xpulse 200;14990000;16;5;NO;no_informa;NO;Perdido
HX-00062;30/03/2026;Meta Ads;EMP-01;PV-002;Bajaj Pulsar NS 125;8990000;;0;SI;credito;NO;Sin gestión
HX-00063;27/04/2026;WhatsApp;EMP-03;PV-011;Bajaj Discover 125;6990000;;0;NO_INFORMA;credito;NO;Sin gestión
HX-00064;15/05/2026;Meta Ads;EMP-03;PV-011;Honda XRE 300;22900000;4;1;NO_INFORMA;credito;NO;Perdido
HX-00065;3/06/2026;Formulario Web;EMP-02;PV-010;Bajaj Pulsar NS 125;8990000;1;2;NO;credito;NO;Perdido
HX-00066;15/07/2026;WhatsApp;EMP-01;PV-003;Suzuki Best 125;6590000;2;7;NO;credito;SI;Perdido
HX-00067;13/05/2026;WhatsApp;EMP-03;PV-011;Bajaj Pulsar RS 200;15490000;48;5;SI;contado;NO;Perdido
HX-00068;7/05/2026;WhatsApp;EMP-01;PV-001;Suzuki Gixxer 150;11990000;4;3;SI;credito;NO;Perdido
HX-00069;24/04/2026;WhatsApp;EMP-03;PV-011;Bajaj Dominar 400;24900000;0.5;5;SI;no_informa;SI;Perdido
HX-00070;24/04/2026;Formulario Web;EMP-03;PV-011;AKT NKD 125;5290000;24;5;NO;credito;NO;Perdido
HX-00071;20/04/2026;Formulario Web;EMP-03;PV-014;Suzuki V-Strom 250;21900000;2;3;NO;credito;NO;Perdido
HX-00072;24/05/2026;Meta Ads;EMP-01;PV-003;AKT NKD 125;5290000;8;4;SI;no_informa;NO;Perdido
HX-00073;18/03/2026;Formulario Web;EMP-01;PV-001;Honda XR 150L;11490000;120;2;SI;credito;NO;Perdido
HX-00074;1/05/2026;WhatsApp;EMP-02;PV-008;Hero Dash 110;6290000;8;5;SI;credito;NO;Perdido
HX-00075;22/06/2026;Meta Ads;EMP-03;PV-015;Bajaj Discover 125;6990000;48;6;SI;credito;NO;Perdido
HX-00076;24/04/2026;WhatsApp;EMP-03;PV-011;AKT Dynamic R3 125;5590000;2;4;SI;credito;SI;Perdido
HX-00077;11/06/2026;Meta Ads;EMP-01;PV-001;Bajaj Pulsar NS 125;8990000;72;4;SI;credito;SI;Perdido
HX-00078;3/03/2026;WhatsApp;EMP-01;PV-004;Hero Xpulse 200;14990000;8;1;NO_INFORMA;credito;NO;Perdido
HX-00079;7/04/2026;Meta Ads;EMP-02;PV-010;Suzuki Gixxer 150;11990000;24;4;SI;credito;NO;Perdido
HX-00080;1/04/2026;WhatsApp;EMP-01;PV-003;Honda CB 190R;13990000;8;2;SI;no_informa;NO;Perdido
HX-00081;20/03/2026;WhatsApp;EMP-03;PV-012;Bajaj Discover 125;6990000;48;3;NO_INFORMA;credito;SI;Perdido
HX-00082;27/03/2026;Formulario Web;EMP-01;PV-003;Honda XR 150L;11490000;48;5;NO;no_informa;NO;Perdido
HX-00083;27/03/2026;Meta Ads;EMP-03;PV-012;Honda XRE 300;22900000;4;7;SI;credito;NO;Perdido
HX-00084;17/07/2026;WhatsApp;EMP-02;PV-010;Hero Dash 110;6290000;72;6;NO;contado;NO;Perdido
HX-00085;7/05/2026;WhatsApp;EMP-02;PV-008;Bajaj Dominar 400;24900000;1;6;NO;credito;NO;Perdido
HX-00086;5/07/2026;WhatsApp;EMP-02;PV-006;Hero Eco Deluxe 100;4990000;72;5;NO_INFORMA;credito;NO;Perdido
HX-00087;2/05/2026;Meta Ads;EMP-03;PV-014;Bajaj Pulsar NS 160;11290000;72;3;NO_INFORMA;credito;NO;Perdido
HX-00088;2/04/2026;Meta Ads;EMP-01;PV-005;Bajaj Pulsar NS 125;8990000;16;3;SI;no_informa;NO;Perdido
HX-00089;17/04/2026;WhatsApp;EMP-03;PV-012;Bajaj Pulsar NS 160;11290000;1;3;SI;credito;NO;Perdido
HX-00090;30/06/2026;WhatsApp;EMP-02;PV-010;Bajaj Dominar 400;24900000;2;1;NO;contado;SI;Perdido
HX-00091;2/04/2026;Meta Ads;EMP-01;PV-003;Suzuki GN 125;7490000;24;4;NO_INFORMA;credito;NO;Perdido
HX-00092;29/06/2026;WhatsApp;EMP-01;PV-001;Honda XR 150L;11490000;2;1;NO;credito;NO;Perdido
HX-00093;15/05/2026;Formulario Web;EMP-01;PV-002;Suzuki Gixxer 150;11990000;120;3;NO_INFORMA;contado;NO;Perdido
HX-00094;27/04/2026;Meta Ads;EMP-03;PV-013;Bajaj Dominar 400;24900000;;0;NO;contado;SI;Sin gestión
HX-00095;11/03/2026;WhatsApp;EMP-03;PV-014;Hero Hunk 160R;10490000;2;1;NO_INFORMA;credito;NO;Perdido
HX-00096;14/05/2026;Meta Ads;EMP-01;PV-002;AKT Dynamic R3 125;5590000;4;2;SI;contado;NO;Perdido
HX-00097;20/05/2026;WhatsApp;EMP-01;PV-004;Bajaj Pulsar NS 125;8990000;2;3;NO_INFORMA;contado;SI;Perdido
HX-00098;15/04/2026;WhatsApp;EMP-01;PV-004;Bajaj Pulsar NS 160;11290000;24;1;NO;no_informa;SI;Perdido
HX-00099;17/05/2026;Meta Ads;EMP-03;PV-011;Bajaj Pulsar NS 160;11290000;2;1;SI;credito;NO;Perdido
HX-00100;18/05/2026;WhatsApp;EMP-03;PV-015;Honda CB 125F Twister;7990000;4;3;NO;no_informa;NO;Perdido
HX-00101;23/07/2026;WhatsApp;EMP-01;PV-003;Hero Hunk 160R;10490000;24;5;NO;credito;NO;Perdido
HX-00102;12/05/2026;WhatsApp;EMP-01;PV-005;Bajaj Dominar 400;24900000;120;6;SI;credito;NO;Perdido
HX-00103;5/05/2026;WhatsApp;EMP-01;PV-003;Suzuki V-Strom 250;21900000;8;4;NO_INFORMA;credito;NO;Perdido
HX-00104;1/05/2026;Formulario Web;EMP-01;PV-002;Bajaj Pulsar NS 160;11290000;16;6;SI;credito;NO;Perdido
HX-00105;26/06/2026;WhatsApp;EMP-01;PV-004;Hero Eco Deluxe 100;4990000;;0;NO_INFORMA;credito;SI;Sin gestión
HX-00106;7/03/2026;Meta Ads;EMP-03;PV-014;Honda XR 150L;11490000;72;4;NO;credito;NO;Perdido
HX-00107;3/07/2026;WhatsApp;EMP-02;PV-006;Bajaj Pulsar NS 125;8990000;1;1;NO;credito;SI;Perdido
HX-00108;9/03/2026;Formulario Web;EMP-03;PV-012;Hero Hunk 160R;10490000;4;5;NO_INFORMA;contado;SI;Perdido
HX-00109;29/04/2026;WhatsApp;EMP-02;PV-010;Honda XRE 300;22900000;;0;NO;credito;NO;Sin gestión
HX-00110;29/04/2026;Meta Ads;EMP-03;PV-013;Bajaj Discover 125;6990000;1;1;SI;no_informa;NO;Perdido
HX-00111;24/05/2026;WhatsApp;EMP-02;PV-007;AKT Evo RS 150;7190000;48;4;NO;no_informa;SI;Cerrado
HX-00112;15/06/2026;WhatsApp;EMP-01;PV-002;Suzuki Best 125;6590000;24;3;SI;credito;NO;Perdido
HX-00113;7/07/2026;WhatsApp;EMP-02;PV-008;Honda XR 150L;11490000;120;5;NO_INFORMA;credito;SI;Perdido
HX-00114;4/06/2026;Meta Ads;EMP-02;PV-006;AKT NKD 125;5290000;4;3;NO_INFORMA;no_informa;NO;Perdido
HX-00115;20/03/2026;WhatsApp;EMP-02;PV-006;Suzuki Gixxer 150;11990000;72;5;NO_INFORMA;credito;SI;Perdido
HX-00116;12/05/2026;WhatsApp;EMP-01;PV-003;Honda XR 150L;11490000;4;7;NO_INFORMA;credito;NO;Perdido
HX-00117;9/04/2026;WhatsApp;EMP-01;PV-005;Hero Xpulse 200;14990000;1;6;NO;contado;NO;Perdido
HX-00118;7/07/2026;WhatsApp;EMP-01;PV-004;Honda XR 150L;11490000;4;2;NO_INFORMA;no_informa;NO;Perdido
HX-00119;22/06/2026;Meta Ads;EMP-01;PV-002;Bajaj Pulsar RS 200;15490000;24;5;NO_INFORMA;credito;SI;Perdido
HX-00120;24/04/2026;WhatsApp;EMP-02;PV-007;Bajaj Pulsar NS 125;8990000;8;7;SI;no_informa;NO;Perdido
HX-00121;30/05/2026;Meta Ads;EMP-01;PV-004;Honda CB 190R;13990000;48;1;NO_INFORMA;credito;NO;Perdido
HX-00122;20/05/2026;WhatsApp;EMP-03;PV-014;Honda XRE 300;22900000;1;2;NO_INFORMA;contado;SI;Cerrado
HX-00123;4/05/2026;WhatsApp;EMP-02;PV-009;AKT NKD 125;5290000;4;5;SI;credito;SI;Perdido
HX-00124;11/06/2026;WhatsApp;EMP-03;PV-013;Suzuki GN 125;7490000;48;1;SI;credito;NO;Perdido
HX-00125;16/07/2026;WhatsApp;EMP-02;PV-006;Bajaj Pulsar RS 200;15490000;8;5;NO_INFORMA;credito;NO;Perdido
HX-00126;18/04/2026;WhatsApp;EMP-03;PV-014;AKT NKD 125;5290000;2;2;NO;contado;NO;Perdido
HX-00127;29/06/2026;WhatsApp;EMP-03;PV-011;Suzuki Gixxer 150;11990000;0.5;2;NO_INFORMA;credito;NO;Perdido
HX-00128;18/03/2026;WhatsApp;EMP-01;PV-003;Hero Xpulse 200;14990000;4;1;SI;credito;NO;Perdido
HX-00129;9/06/2026;Meta Ads;EMP-01;PV-004;Bajaj Pulsar NS 125;8990000;72;4;NO;credito;NO;Perdido
HX-00130;21/05/2026;Meta Ads;EMP-01;PV-004;AKT NKD 125;5290000;16;5;NO;credito;NO;Perdido
HX-00131;19/06/2026;WhatsApp;EMP-02;PV-008;Honda Dio 110;6890000;8;2;NO_INFORMA;contado;SI;Perdido
HX-00132;11/03/2026;WhatsApp;EMP-01;PV-004;Bajaj Pulsar RS 200;15490000;24;7;NO;credito;NO;Perdido
HX-00133;12/04/2026;Meta Ads;EMP-03;PV-013;AKT Evo RS 150;7190000;4;3;NO_INFORMA;credito;SI;Perdido
HX-00134;16/03/2026;Meta Ads;EMP-03;PV-013;Bajaj Discover 125;6990000;48;4;NO;credito;NO;Perdido
HX-00135;13/05/2026;WhatsApp;EMP-01;PV-002;Honda XR 150L;11490000;2;2;NO;credito;SI;Perdido
HX-00136;1/06/2026;Meta Ads;EMP-01;PV-004;Bajaj Boxer CT 100;5790000;16;3;NO;credito;SI;Perdido
HX-00137;1/04/2026;WhatsApp;EMP-02;PV-006;Hero Xpulse 200;14990000;24;1;SI;credito;NO;Perdido
HX-00138;11/04/2026;Meta Ads;EMP-01;PV-003;Bajaj Pulsar NS 160;11290000;120;2;NO_INFORMA;credito;NO;Perdido
HX-00139;20/07/2026;WhatsApp;EMP-01;PV-002;AKT TTR 200;9890000;2;4;SI;credito;NO;Perdido
HX-00140;5/05/2026;Meta Ads;EMP-02;PV-006;Honda XR 150L;11490000;16;3;NO;no_informa;SI;Perdido
HX-00141;8/05/2026;WhatsApp;EMP-03;PV-014;AKT Dynamic R3 125;5590000;24;6;SI;credito;NO;Perdido
HX-00142;17/06/2026;WhatsApp;EMP-01;PV-004;Hero Hunk 160R;10490000;48;4;SI;contado;NO;Perdido
HX-00143;21/03/2026;Meta Ads;EMP-03;PV-013;Honda Dio 110;6890000;120;7;SI;contado;NO;Perdido
HX-00144;9/03/2026;Meta Ads;EMP-02;PV-006;Bajaj Pulsar NS 125;8990000;8;5;NO;credito;NO;Perdido
HX-00145;30/03/2026;WhatsApp;EMP-02;PV-009;Honda CB 125F Twister;7990000;16;1;NO_INFORMA;contado;NO;Perdido
HX-00146;10/07/2026;Formulario Web;EMP-01;PV-002;AKT Dynamic R3 125;5590000;72;6;NO_INFORMA;credito;NO;Perdido
HX-00147;7/05/2026;Meta Ads;EMP-02;PV-006;Suzuki Gixxer 150;11990000;2;7;SI;credito;NO;Perdido
HX-00148;16/03/2026;WhatsApp;EMP-03;PV-011;AKT TTR 200;9890000;72;7;NO;no_informa;NO;Perdido
HX-00149;16/06/2026;WhatsApp;EMP-02;PV-009;Hero Dash 110;6290000;;0;NO;credito;NO;Sin gestión
HX-00150;24/04/2026;Formulario Web;EMP-01;PV-004;Bajaj Pulsar NS 160;11290000;1;5;SI;no_informa;SI;Cerrado
HX-00151;12/05/2026;Meta Ads;EMP-02;PV-006;Hero Eco Deluxe 100;4990000;8;2;NO_INFORMA;credito;NO;Perdido
HX-00152;26/03/2026;Meta Ads;EMP-01;PV-004;Hero Xpulse 200;14990000;72;4;NO;contado;SI;Perdido
HX-00153;20/05/2026;Formulario Web;EMP-02;PV-008;Bajaj Dominar 400;24900000;72;7;NO_INFORMA;contado;NO;Perdido
HX-00154;7/07/2026;WhatsApp;EMP-01;PV-003;Bajaj Pulsar NS 125;8990000;8;3;SI;credito;NO;Perdido
HX-00155;30/04/2026;WhatsApp;EMP-02;PV-010;Suzuki Best 125;6590000;48;3;NO_INFORMA;credito;SI;Perdido
HX-00156;20/07/2026;Meta Ads;EMP-03;PV-015;Bajaj Pulsar RS 200;15490000;8;6;NO;credito;NO;Perdido
HX-00157;12/03/2026;Meta Ads;EMP-02;PV-010;Suzuki GN 125;7490000;4;1;NO;credito;NO;Perdido
HX-00158;18/05/2026;Formulario Web;EMP-01;PV-004;Bajaj Pulsar RS 200;15490000;4;2;NO_INFORMA;no_informa;NO;Perdido
HX-00159;29/04/2026;WhatsApp;EMP-01;PV-003;Bajaj Boxer CT 100;5790000;16;7;NO_INFORMA;no_informa;SI;Perdido
HX-00160;24/03/2026;Meta Ads;EMP-03;PV-015;AKT TTR 200;9890000;8;5;SI;credito;NO;Perdido
HX-00161;11/06/2026;Meta Ads;EMP-02;PV-006;Suzuki V-Strom 250;21900000;16;1;SI;credito;NO;Cerrado
HX-00162;24/06/2026;WhatsApp;EMP-01;PV-003;Honda CB 125F Twister;7990000;120;6;NO;credito;NO;Perdido
HX-00163;14/06/2026;WhatsApp;EMP-03;PV-015;Suzuki GN 125;7490000;;0;NO_INFORMA;credito;NO;Sin gestión
HX-00164;6/07/2026;WhatsApp;EMP-01;PV-003;AKT Dynamic R3 125;5590000;4;6;NO;no_informa;NO;Perdido
HX-00165;29/05/2026;WhatsApp;EMP-01;PV-005;Suzuki V-Strom 250;21900000;8;2;NO_INFORMA;credito;NO;Perdido
HX-00166;28/05/2026;WhatsApp;EMP-01;PV-004;Bajaj Pulsar NS 125;8990000;1;7;SI;no_informa;SI;Cerrado
HX-00167;20/04/2026;Formulario Web;EMP-03;PV-015;Suzuki Gixxer 150;11990000;120;5;SI;credito;NO;Perdido
HX-00168;19/03/2026;Meta Ads;EMP-01;PV-004;Suzuki V-Strom 250;21900000;120;6;SI;no_informa;SI;Perdido
HX-00169;19/04/2026;Meta Ads;EMP-01;PV-003;Suzuki Best 125;6590000;0.5;7;SI;credito;NO;Perdido
HX-00170;10/06/2026;Formulario Web;EMP-03;PV-014;Honda CB 125F Twister;7990000;;0;NO;credito;SI;Sin gestión
HX-00171;27/06/2026;Meta Ads;EMP-03;PV-011;Bajaj Pulsar NS 160;11290000;0.5;1;NO_INFORMA;credito;NO;Cerrado
HX-00172;16/05/2026;WhatsApp;EMP-03;PV-013;Bajaj Pulsar NS 125;8990000;8;1;SI;credito;NO;Perdido
HX-00173;23/04/2026;Meta Ads;EMP-03;PV-015;AKT Evo RS 150;7190000;2;4;NO;no_informa;SI;Perdido
HX-00174;17/05/2026;WhatsApp;EMP-03;PV-013;Bajaj Discover 125;6990000;24;7;SI;no_informa;NO;Perdido
HX-00175;26/04/2026;WhatsApp;EMP-01;PV-001;Suzuki V-Strom 250;21900000;4;5;NO;credito;NO;Cerrado
HX-00176;6/07/2026;WhatsApp;EMP-03;PV-012;Honda CB 190R;13990000;72;3;SI;credito;NO;Perdido
HX-00177;3/04/2026;Meta Ads;EMP-01;PV-002;AKT NKD 125;5290000;4;6;NO;credito;NO;Cerrado
HX-00178;10/04/2026;Meta Ads;EMP-01;PV-003;Suzuki GN 125;7490000;48;2;SI;contado;NO;Perdido
HX-00179;1/04/2026;Meta Ads;EMP-01;PV-005;Bajaj Pulsar NS 125;8990000;48;6;NO;credito;SI;Perdido
HX-00180;5/04/2026;WhatsApp;EMP-02;PV-006;Bajaj Pulsar RS 200;15490000;72;7;NO;credito;NO;Perdido
HX-00181;15/05/2026;WhatsApp;EMP-02;PV-008;Bajaj Discover 125;6990000;48;7;NO;credito;SI;Perdido
HX-00182;27/04/2026;Formulario Web;EMP-02;PV-010;Honda CB 125F Twister;7990000;1;5;NO;credito;NO;Perdido
HX-00183;21/06/2026;WhatsApp;EMP-03;PV-012;Honda Dio 110;6890000;1;7;SI;credito;NO;Perdido
HX-00184;13/04/2026;WhatsApp;EMP-02;PV-010;Hero Hunk 160R;10490000;;0;NO_INFORMA;credito;NO;Sin gestión
HX-00185;8/05/2026;WhatsApp;EMP-01;PV-004;Hero Xpulse 200;14990000;8;1;SI;credito;NO;Perdido
HX-00186;27/06/2026;WhatsApp;EMP-01;PV-004;Bajaj Discover 125;6990000;120;1;SI;credito;SI;Perdido
HX-00187;15/05/2026;WhatsApp;EMP-02;PV-007;AKT NKD 125;5290000;4;3;SI;no_informa;NO;Perdido
HX-00188;11/04/2026;Meta Ads;EMP-03;PV-012;Hero Eco Deluxe 100;4990000;2;5;NO;contado;NO;Perdido
HX-00189;26/05/2026;WhatsApp;EMP-02;PV-008;Bajaj Pulsar RS 200;15490000;24;1;SI;no_informa;SI;Perdido
HX-00190;29/03/2026;Formulario Web;EMP-03;PV-015;Hero Dash 110;6290000;24;2;SI;contado;SI;Perdido
HX-00191;31/03/2026;Meta Ads;EMP-02;PV-007;Suzuki Best 125;6590000;16;1;SI;credito;NO;Perdido
HX-00192;6/03/2026;WhatsApp;EMP-01;PV-003;Honda Dio 110;6890000;120;7;NO;credito;SI;Perdido
HX-00193;12/07/2026;WhatsApp;EMP-02;PV-010;Hero Eco Deluxe 100;4990000;120;1;NO_INFORMA;no_informa;NO;Perdido
HX-00194;8/07/2026;WhatsApp;EMP-01;PV-002;AKT NKD 125;5290000;2;5;SI;credito;NO;Perdido
HX-00195;21/04/2026;Meta Ads;EMP-02;PV-008;Honda Navi;7290000;16;3;NO_INFORMA;credito;SI;Perdido
HX-00196;9/05/2026;Meta Ads;EMP-03;PV-012;Honda CB 125F Twister;7990000;48;5;NO;contado;NO;Perdido
HX-00197;27/03/2026;WhatsApp;EMP-02;PV-007;Hero Eco Deluxe 100;4990000;4;1;NO_INFORMA;credito;NO;Perdido
HX-00198;29/06/2026;Meta Ads;EMP-01;PV-003;Bajaj Pulsar RS 200;15490000;48;5;NO;no_informa;NO;Perdido
HX-00199;14/04/2026;WhatsApp;EMP-01;PV-005;Bajaj Pulsar RS 200;15490000;72;4;NO;credito;SI;Perdido
HX-00200;18/04/2026;Formulario Web;EMP-02;PV-008;Bajaj Discover 125;6990000;8;1;NO;contado;SI;Perdido
HX-00201;25/03/2026;WhatsApp;EMP-02;PV-007;AKT NKD 125;5290000;2;5;SI;credito;SI;Perdido
HX-00202;17/06/2026;Meta Ads;EMP-02;PV-006;Honda Dio 110;6890000;16;3;NO_INFORMA;credito;SI;Cerrado
HX-00203;18/06/2026;Meta Ads;EMP-02;PV-008;Suzuki V-Strom 250;21900000;8;2;SI;credito;NO;Cerrado
HX-00204;4/05/2026;WhatsApp;EMP-02;PV-008;AKT TTR 200;9890000;0.5;6;SI;no_informa;NO;Perdido
HX-00205;24/03/2026;WhatsApp;EMP-02;PV-010;Hero Xpulse 200;14990000;0.5;4;NO;no_informa;NO;Perdido
HX-00206;29/03/2026;WhatsApp;EMP-02;PV-006;Bajaj Discover 125;6990000;2;4;NO;no_informa;NO;Cerrado
HX-00207;18/07/2026;WhatsApp;EMP-01;PV-001;Suzuki V-Strom 250;21900000;16;4;NO_INFORMA;credito;NO;Perdido
HX-00208;28/03/2026;WhatsApp;EMP-03;PV-012;Bajaj Pulsar NS 160;11290000;4;2;NO;no_informa;NO;Perdido
HX-00209;10/03/2026;WhatsApp;EMP-03;PV-013;Honda XR 150L;11490000;24;3;SI;no_informa;NO;Perdido
HX-00210;26/07/2026;Formulario Web;EMP-03;PV-015;Hero Xpulse 200;14990000;72;5;NO;credito;NO;Perdido
HX-00211;19/06/2026;Meta Ads;EMP-01;PV-003;Bajaj Pulsar NS 125;8990000;2;6;NO;credito;SI;Perdido
HX-00212;4/04/2026;Formulario Web;EMP-03;PV-011;AKT Evo RS 150;7190000;24;6;NO_INFORMA;no_informa;SI;Perdido
HX-00213;4/07/2026;Meta Ads;EMP-01;PV-003;Suzuki V-Strom 250;21900000;24;6;SI;contado;NO;Perdido
HX-00214;10/05/2026;Formulario Web;EMP-01;PV-003;Bajaj Boxer CT 100;5790000;8;5;NO;credito;SI;Perdido
HX-00215;18/03/2026;WhatsApp;EMP-02;PV-008;Bajaj Discover 125;6990000;1;2;SI;contado;NO;Perdido
HX-00216;25/05/2026;WhatsApp;EMP-03;PV-015;Suzuki Gixxer 150;11990000;120;2;NO_INFORMA;credito;NO;Perdido
HX-00217;30/03/2026;WhatsApp;EMP-03;PV-012;Honda XR 150L;11490000;24;5;SI;no_informa;NO;Perdido
HX-00218;4/03/2026;Meta Ads;EMP-01;PV-002;Honda Dio 110;6890000;1;1;NO_INFORMA;contado;NO;Perdido
HX-00219;20/03/2026;Meta Ads;EMP-02;PV-006;Bajaj Pulsar NS 125;8990000;4;4;NO_INFORMA;credito;NO;Perdido
HX-00220;8/03/2026;WhatsApp;EMP-01;PV-004;Hero Xpulse 200;14990000;24;2;NO;no_informa;SI;Perdido
HX-00221;22/04/2026;WhatsApp;EMP-01;PV-005;Bajaj Discover 125;6990000;;0;SI;credito;NO;Sin gestión
HX-00222;5/05/2026;Meta Ads;EMP-03;PV-014;Bajaj Pulsar NS 125;8990000;48;7;SI;no_informa;NO;Perdido
HX-00223;12/03/2026;WhatsApp;EMP-01;PV-003;Bajaj Pulsar RS 200;15490000;4;1;SI;no_informa;NO;Perdido
HX-00224;23/06/2026;Formulario Web;EMP-02;PV-008;Bajaj Pulsar RS 200;15490000;1;7;NO_INFORMA;credito;SI;Perdido
HX-00225;25/03/2026;Formulario Web;EMP-03;PV-011;Honda Navi;7290000;24;6;SI;no_informa;SI;Perdido
HX-00226;24/07/2026;WhatsApp;EMP-03;PV-014;Suzuki GN 125;7490000;8;6;NO;credito;NO;Perdido
HX-00227;6/03/2026;Formulario Web;EMP-02;PV-010;AKT Evo RS 150;7190000;0.5;6;NO_INFORMA;credito;NO;Perdido
HX-00228;21/07/2026;WhatsApp;EMP-02;PV-008;Suzuki Best 125;6590000;1;3;SI;credito;NO;Cerrado
HX-00229;1/06/2026;WhatsApp;EMP-01;PV-001;Hero Xpulse 200;14990000;16;4;NO_INFORMA;contado;SI;Perdido
HX-00230;3/03/2026;Meta Ads;EMP-01;PV-004;Bajaj Dominar 400;24900000;1;4;SI;credito;SI;Perdido
HX-00231;23/04/2026;WhatsApp;EMP-02;PV-006;Suzuki GN 125;7490000;;0;SI;contado;SI;Sin gestión
HX-00232;24/03/2026;WhatsApp;EMP-02;PV-006;Honda Dio 110;6890000;120;2;NO_INFORMA;credito;NO;Perdido
HX-00233;9/07/2026;WhatsApp;EMP-01;PV-004;Bajaj Discover 125;6990000;0.5;6;NO;credito;NO;Perdido
HX-00234;16/07/2026;Meta Ads;EMP-02;PV-006;Suzuki V-Strom 250;21900000;72;3;SI;credito;NO;Cerrado
HX-00235;19/05/2026;Meta Ads;EMP-01;PV-001;Suzuki GN 125;7490000;;0;SI;credito;NO;Sin gestión
HX-00236;30/06/2026;Formulario Web;EMP-03;PV-012;AKT NKD 125;5290000;48;7;SI;credito;NO;Perdido
HX-00237;17/04/2026;WhatsApp;EMP-01;PV-001;Bajaj Pulsar RS 200;15490000;4;2;NO;credito;SI;Perdido
HX-00238;28/03/2026;WhatsApp;EMP-03;PV-013;Honda XR 150L;11490000;24;1;NO;credito;NO;Perdido
HX-00239;9/05/2026;WhatsApp;EMP-03;PV-014;Hero Xpulse 200;14990000;8;4;NO;credito;SI;Perdido
HX-00240;19/07/2026;WhatsApp;EMP-02;PV-010;Honda Navi;7290000;1;5;SI;no_informa;NO;Perdido
HX-00241;17/07/2026;WhatsApp;EMP-02;PV-007;Bajaj Discover 125;6990000;4;1;SI;credito;NO;Perdido
HX-00242;17/03/2026;Meta Ads;EMP-01;PV-001;Hero Dash 110;6290000;48;5;SI;credito;SI;Perdido
HX-00243;19/06/2026;WhatsApp;EMP-02;PV-007;Hero Dash 110;6290000;0.5;4;NO;credito;SI;Perdido
HX-00244;6/05/2026;Meta Ads;EMP-03;PV-013;Suzuki Best 125;6590000;1;2;NO_INFORMA;credito;NO;Perdido
HX-00245;24/05/2026;Formulario Web;EMP-02;PV-007;Honda XRE 300;22900000;48;1;SI;contado;NO;Perdido
HX-00246;27/06/2026;WhatsApp;EMP-02;PV-010;Honda CB 125F Twister;7990000;48;2;NO_INFORMA;credito;SI;Perdido
HX-00247;22/03/2026;WhatsApp;EMP-02;PV-010;Honda XRE 300;22900000;1;4;SI;credito;NO;Perdido
HX-00248;24/04/2026;Meta Ads;EMP-03;PV-014;Hero Xpulse 200;14990000;4;7;NO;no_informa;NO;Perdido
HX-00249;11/04/2026;Meta Ads;EMP-03;PV-012;Honda Navi;7290000;24;1;SI;credito;SI;Perdido
HX-00250;20/07/2026;WhatsApp;EMP-01;PV-001;Suzuki Gixxer 150;11990000;4;6;NO_INFORMA;contado;NO;Perdido
HX-00251;26/05/2026;Meta Ads;EMP-02;PV-006;Bajaj Pulsar RS 200;15490000;8;4;NO;credito;NO;Perdido
HX-00252;29/06/2026;WhatsApp;EMP-03;PV-012;Hero Hunk 160R;10490000;8;4;SI;no_informa;SI;Perdido
HX-00253;17/07/2026;WhatsApp;EMP-01;PV-002;Hero Dash 110;6290000;120;2;NO;contado;SI;Perdido
HX-00254;21/06/2026;Meta Ads;EMP-02;PV-010;Bajaj Discover 125;6990000;0.5;4;NO_INFORMA;no_informa;SI;Perdido
HX-00255;24/04/2026;WhatsApp;EMP-01;PV-003;Bajaj Dominar 400;24900000;72;4;NO_INFORMA;credito;NO;Perdido
HX-00256;6/04/2026;Meta Ads;EMP-03;PV-014;Honda XR 150L;11490000;4;2;NO;credito;SI;Cerrado
HX-00257;26/03/2026;Formulario Web;EMP-02;PV-009;Suzuki V-Strom 250;21900000;1;5;NO_INFORMA;credito;NO;Perdido
HX-00258;1/05/2026;Formulario Web;EMP-01;PV-005;Hero Dash 110;6290000;72;5;NO_INFORMA;credito;NO;Perdido
HX-00259;24/06/2026;Meta Ads;EMP-01;PV-001;AKT Dynamic R3 125;5590000;48;7;SI;credito;NO;Perdido
HX-00260;9/04/2026;WhatsApp;EMP-02;PV-006;Honda XR 150L;11490000;72;3;SI;credito;NO;Perdido
HX-00261;24/03/2026;WhatsApp;EMP-03;PV-015;Suzuki Gixxer 150;11990000;72;2;NO;no_informa;SI;Perdido
HX-00262;21/04/2026;Meta Ads;EMP-01;PV-005;Bajaj Pulsar NS 125;8990000;8;5;SI;credito;NO;Perdido
HX-00263;25/03/2026;Meta Ads;EMP-03;PV-015;Honda Navi;7290000;16;1;NO_INFORMA;no_informa;SI;Perdido
HX-00264;4/05/2026;WhatsApp;EMP-03;PV-012;Suzuki Best 125;6590000;4;1;SI;no_informa;NO;Cerrado
HX-00265;27/05/2026;WhatsApp;EMP-02;PV-007;Hero Hunk 160R;10490000;16;7;NO;credito;SI;Perdido
HX-00266;4/06/2026;Meta Ads;EMP-02;PV-008;Hero Xpulse 200;14990000;16;2;SI;credito;NO;Perdido
HX-00267;18/07/2026;Meta Ads;EMP-02;PV-007;Honda CB 125F Twister;7990000;;0;NO;contado;NO;Sin gestión
HX-00268;14/03/2026;Formulario Web;EMP-03;PV-012;Hero Xpulse 200;14990000;0.5;6;NO_INFORMA;credito;NO;Perdido
HX-00269;3/03/2026;WhatsApp;EMP-02;PV-007;Honda CB 125F Twister;7990000;48;2;SI;credito;NO;Perdido
HX-00270;29/04/2026;Meta Ads;EMP-02;PV-010;AKT NKD 125;5290000;24;7;NO;credito;NO;Perdido
HX-00271;22/03/2026;WhatsApp;EMP-01;PV-004;Honda CB 190R;13990000;4;5;SI;no_informa;NO;Perdido
HX-00272;29/05/2026;WhatsApp;EMP-01;PV-003;Bajaj Dominar 400;24900000;2;6;NO_INFORMA;credito;SI;Perdido
HX-00273;15/04/2026;Formulario Web;EMP-02;PV-007;Honda XR 150L;11490000;;0;NO;credito;NO;Sin gestión
HX-00274;22/03/2026;Formulario Web;EMP-03;PV-013;Honda Dio 110;6890000;24;5;SI;no_informa;NO;Perdido
HX-00275;16/05/2026;WhatsApp;EMP-01;PV-005;Honda Dio 110;6890000;24;4;SI;contado;SI;Perdido
HX-00276;10/03/2026;Meta Ads;EMP-03;PV-013;Suzuki Gixxer 150;11990000;72;3;NO_INFORMA;credito;NO;Perdido
HX-00277;25/06/2026;WhatsApp;EMP-02;PV-007;Suzuki Best 125;6590000;8;7;SI;credito;NO;Perdido
HX-00278;9/07/2026;Meta Ads;EMP-03;PV-011;Honda Navi;7290000;;0;SI;credito;SI;Sin gestión
HX-00279;9/04/2026;WhatsApp;EMP-01;PV-002;Honda Dio 110;6890000;4;7;NO_INFORMA;credito;NO;Perdido
HX-00280;16/07/2026;Meta Ads;EMP-02;PV-006;AKT Dynamic R3 125;5590000;1;6;SI;credito;NO;Cerrado
HX-00281;23/06/2026;WhatsApp;EMP-02;PV-008;AKT NKD 125;5290000;24;1;NO_INFORMA;credito;SI;Perdido
HX-00282;21/06/2026;Meta Ads;EMP-01;PV-003;Bajaj Boxer CT 100;5790000;48;6;NO_INFORMA;credito;SI;Perdido
HX-00283;10/05/2026;WhatsApp;EMP-01;PV-001;AKT NKD 125;5290000;0.5;7;SI;credito;NO;Perdido
HX-00284;5/04/2026;Meta Ads;EMP-02;PV-009;Suzuki Best 125;6590000;48;2;NO_INFORMA;credito;NO;Perdido
HX-00285;8/03/2026;WhatsApp;EMP-03;PV-014;Honda XR 150L;11490000;;0;SI;contado;NO;Sin gestión
HX-00286;17/03/2026;Meta Ads;EMP-01;PV-005;Hero Hunk 160R;10490000;16;4;NO_INFORMA;credito;NO;Perdido
HX-00287;19/04/2026;Meta Ads;EMP-01;PV-001;Hero Xpulse 200;14990000;;0;SI;credito;NO;Sin gestión
HX-00288;30/06/2026;WhatsApp;EMP-02;PV-009;Bajaj Pulsar NS 160;11290000;4;6;NO;credito;NO;Perdido
HX-00289;2/05/2026;WhatsApp;EMP-03;PV-015;Bajaj Dominar 400;24900000;2;4;NO_INFORMA;no_informa;NO;Perdido
HX-00290;6/03/2026;WhatsApp;EMP-02;PV-009;Suzuki Gixxer 150;11990000;0.5;3;SI;no_informa;NO;Perdido
HX-00291;16/03/2026;Meta Ads;EMP-02;PV-007;Suzuki Best 125;6590000;1;5;SI;credito;NO;Perdido
HX-00292;20/03/2026;WhatsApp;EMP-03;PV-015;AKT TTR 200;9890000;120;7;NO;credito;NO;Perdido
HX-00293;14/05/2026;Meta Ads;EMP-03;PV-013;Bajaj Boxer CT 100;5790000;4;7;SI;credito;NO;Perdido
HX-00294;6/07/2026;Meta Ads;EMP-03;PV-011;Honda CB 125F Twister;7990000;24;5;NO_INFORMA;contado;NO;Perdido
HX-00295;14/06/2026;WhatsApp;EMP-01;PV-005;Hero Eco Deluxe 100;4990000;2;2;SI;credito;SI;Perdido
HX-00296;16/04/2026;WhatsApp;EMP-03;PV-015;Honda XR 150L;11490000;;0;NO_INFORMA;credito;NO;Sin gestión
HX-00297;14/04/2026;Formulario Web;EMP-03;PV-011;AKT Evo RS 150;7190000;72;1;NO;credito;SI;Perdido
HX-00298;8/07/2026;Meta Ads;EMP-02;PV-008;Bajaj Dominar 400;24900000;72;5;NO_INFORMA;no_informa;NO;Perdido
HX-00299;24/06/2026;WhatsApp;EMP-03;PV-014;Hero Dash 110;6290000;;0;SI;credito;SI;Sin gestión
HX-00300;6/03/2026;Formulario Web;EMP-02;PV-009;Bajaj Discover 125;6990000;120;2;SI;no_informa;SI;Perdido
HX-00301;12/07/2026;Meta Ads;EMP-03;PV-015;Bajaj Dominar 400;24900000;8;2;NO;contado;NO;Perdido
HX-00302;16/06/2026;Meta Ads;EMP-02;PV-008;Hero Xpulse 200;14990000;72;7;SI;credito;NO;Perdido
HX-00303;2/04/2026;WhatsApp;EMP-03;PV-015;Hero Xpulse 200;14990000;24;6;SI;credito;NO;Perdido
HX-00304;7/04/2026;Meta Ads;EMP-03;PV-011;Bajaj Boxer CT 100;5790000;16;5;NO;credito;NO;Perdido
HX-00305;4/04/2026;Meta Ads;EMP-02;PV-009;Bajaj Dominar 400;24900000;4;3;SI;credito;NO;Perdido
HX-00306;8/06/2026;Meta Ads;EMP-02;PV-008;AKT NKD 125;5290000;1;7;NO;credito;NO;Cerrado
HX-00307;14/07/2026;WhatsApp;EMP-02;PV-008;Honda Navi;7290000;0.5;4;NO;no_informa;NO;Perdido
HX-00308;25/06/2026;WhatsApp;EMP-03;PV-013;AKT Dynamic R3 125;5590000;0.5;7;NO_INFORMA;no_informa;NO;Cerrado
HX-00309;7/07/2026;WhatsApp;EMP-01;PV-003;AKT Evo RS 150;7190000;4;2;NO;credito;NO;Perdido
HX-00310;27/07/2026;WhatsApp;EMP-03;PV-012;Honda Dio 110;6890000;;0;SI;credito;NO;Sin gestión
HX-00311;6/03/2026;WhatsApp;EMP-02;PV-006;AKT NKD 125;5290000;8;2;NO;contado;NO;Perdido
HX-00312;17/05/2026;Formulario Web;EMP-02;PV-007;AKT Dynamic R3 125;5590000;4;6;SI;credito;SI;Perdido
HX-00313;27/05/2026;WhatsApp;EMP-03;PV-014;Honda XRE 300;22900000;16;1;SI;credito;NO;Perdido
HX-00314;25/03/2026;Meta Ads;EMP-02;PV-006;Suzuki GN 125;7490000;4;5;NO;credito;NO;Perdido
HX-00315;13/05/2026;WhatsApp;EMP-01;PV-005;AKT Dynamic R3 125;5590000;4;2;NO;no_informa;NO;Perdido
HX-00316;25/05/2026;Meta Ads;EMP-02;PV-010;Suzuki V-Strom 250;21900000;16;7;NO;credito;NO;Perdido
HX-00317;16/05/2026;WhatsApp;EMP-03;PV-015;Suzuki Gixxer 150;11990000;120;1;SI;no_informa;NO;Perdido
HX-00318;12/03/2026;Formulario Web;EMP-03;PV-015;Honda CB 190R;13990000;4;2;NO;credito;NO;Perdido
HX-00319;6/03/2026;WhatsApp;EMP-02;PV-007;Suzuki GN 125;7490000;4;7;SI;contado;NO;Perdido
HX-00320;5/04/2026;Meta Ads;EMP-01;PV-003;Suzuki Gixxer 150;11990000;2;4;NO;credito;NO;Perdido
HX-00321;5/03/2026;Formulario Web;EMP-02;PV-007;Bajaj Pulsar NS 125;8990000;48;2;NO;no_informa;NO;Perdido
HX-00322;27/05/2026;Meta Ads;EMP-02;PV-006;Hero Hunk 160R;10490000;48;3;SI;contado;NO;Perdido
HX-00323;29/06/2026;WhatsApp;EMP-02;PV-010;Suzuki Gixxer 150;11990000;2;1;NO_INFORMA;credito;NO;Perdido
HX-00324;20/03/2026;WhatsApp;EMP-03;PV-015;Bajaj Pulsar NS 160;11290000;;0;NO_INFORMA;credito;SI;Sin gestión
HX-00325;30/03/2026;WhatsApp;EMP-02;PV-007;Honda XR 150L;11490000;16;6;NO_INFORMA;credito;SI;Perdido
HX-00326;22/07/2026;Formulario Web;EMP-01;PV-004;Honda Navi;7290000;24;2;NO;credito;NO;Perdido
HX-00327;27/06/2026;WhatsApp;EMP-02;PV-006;Bajaj Pulsar NS 160;11290000;;0;NO;credito;NO;Sin gestión
HX-00328;18/03/2026;Meta Ads;EMP-03;PV-015;Suzuki GN 125;7490000;24;5;SI;contado;NO;Perdido
HX-00329;12/06/2026;Formulario Web;EMP-02;PV-006;Honda XR 150L;11490000;48;6;SI;no_informa;NO;Perdido
HX-00330;7/04/2026;WhatsApp;EMP-03;PV-011;Honda XRE 300;22900000;8;6;SI;no_informa;SI;Perdido
HX-00331;29/04/2026;WhatsApp;EMP-03;PV-013;Bajaj Dominar 400;24900000;2;5;NO;credito;NO;Perdido
HX-00332;7/03/2026;Formulario Web;EMP-02;PV-009;Honda Dio 110;6890000;120;4;SI;credito;NO;Perdido
HX-00333;1/03/2026;WhatsApp;EMP-01;PV-003;Honda CB 125F Twister;7990000;2;4;NO;credito;NO;Perdido
HX-00334;17/04/2026;WhatsApp;EMP-01;PV-002;Honda CB 125F Twister;7990000;16;2;NO;no_informa;NO;Perdido
HX-00335;27/07/2026;Meta Ads;EMP-03;PV-011;Honda XR 150L;11490000;2;5;NO;credito;SI;Perdido
HX-00336;24/05/2026;WhatsApp;EMP-03;PV-013;Bajaj Boxer CT 100;5790000;1;3;NO;credito;NO;Perdido
HX-00337;13/04/2026;WhatsApp;EMP-01;PV-005;Bajaj Pulsar NS 160;11290000;;0;NO_INFORMA;contado;NO;Sin gestión
HX-00338;10/05/2026;WhatsApp;EMP-03;PV-014;Honda Dio 110;6890000;0.5;4;NO_INFORMA;no_informa;NO;Perdido
HX-00339;12/07/2026;Meta Ads;EMP-01;PV-003;Honda CB 125F Twister;7990000;16;2;NO_INFORMA;credito;NO;Perdido
HX-00340;10/07/2026;Meta Ads;EMP-01;PV-005;Bajaj Boxer CT 100;5790000;16;3;NO;credito;NO;Perdido
HX-00341;6/05/2026;WhatsApp;EMP-03;PV-011;Hero Dash 110;6290000;16;2;NO_INFORMA;no_informa;NO;Perdido
HX-00342;14/05/2026;WhatsApp;EMP-01;PV-005;Honda Navi;7290000;16;7;NO;no_informa;SI;Perdido
HX-00343;12/05/2026;Meta Ads;EMP-03;PV-014;Honda CB 125F Twister;7990000;120;7;NO_INFORMA;credito;NO;Perdido
HX-00344;1/06/2026;WhatsApp;EMP-02;PV-007;AKT Dynamic R3 125;5590000;72;2;NO;credito;NO;Perdido
HX-00345;28/03/2026;WhatsApp;EMP-01;PV-003;Bajaj Pulsar NS 125;8990000;2;3;NO;credito;NO;Perdido
HX-00346;23/07/2026;WhatsApp;EMP-02;PV-009;AKT Evo RS 150;7190000;24;3;SI;credito;SI;Perdido
HX-00347;10/04/2026;WhatsApp;EMP-03;PV-011;Hero Xpulse 200;14990000;1;3;NO_INFORMA;credito;NO;Perdido
HX-00348;9/04/2026;WhatsApp;EMP-03;PV-011;Bajaj Pulsar NS 160;11290000;16;3;SI;credito;SI;Cerrado
HX-00349;19/03/2026;WhatsApp;EMP-03;PV-011;Hero Dash 110;6290000;120;5;NO;credito;SI;Perdido
HX-00350;21/03/2026;Formulario Web;EMP-02;PV-007;Suzuki V-Strom 250;21900000;1;2;SI;credito;NO;Perdido
HX-00351;15/07/2026;Meta Ads;EMP-01;PV-001;Honda XRE 300;22900000;8;5;NO_INFORMA;credito;NO;Perdido
HX-00352;13/06/2026;Meta Ads;EMP-02;PV-009;Suzuki Gixxer 150;11990000;48;7;NO;credito;SI;Perdido
HX-00353;20/03/2026;WhatsApp;EMP-02;PV-006;AKT NKD 125;5290000;;0;NO;contado;SI;Sin gestión
HX-00354;14/06/2026;Meta Ads;EMP-02;PV-010;Bajaj Pulsar NS 125;8990000;4;6;NO_INFORMA;credito;NO;Perdido
HX-00355;2/04/2026;WhatsApp;EMP-02;PV-010;Bajaj Pulsar NS 125;8990000;4;1;SI;credito;SI;Perdido
HX-00356;26/07/2026;WhatsApp;EMP-02;PV-006;Bajaj Discover 125;6990000;24;5;NO_INFORMA;credito;SI;Perdido
HX-00357;27/07/2026;Meta Ads;EMP-02;PV-006;Bajaj Dominar 400;24900000;120;5;SI;credito;NO;Perdido
HX-00358;6/03/2026;Meta Ads;EMP-03;PV-011;Honda CB 125F Twister;7990000;4;4;NO_INFORMA;credito;NO;Perdido
HX-00359;1/06/2026;WhatsApp;EMP-01;PV-001;Suzuki GN 125;7490000;24;3;NO_INFORMA;credito;NO;Perdido
HX-00360;11/04/2026;WhatsApp;EMP-02;PV-008;AKT Evo RS 150;7190000;72;4;SI;contado;NO;Perdido
HX-00361;7/05/2026;Formulario Web;EMP-01;PV-004;Bajaj Pulsar NS 125;8990000;72;6;NO;credito;SI;Perdido
HX-00362;3/05/2026;Meta Ads;EMP-02;PV-010;Bajaj Pulsar NS 125;8990000;16;1;NO_INFORMA;credito;NO;Perdido
HX-00363;13/06/2026;WhatsApp;EMP-03;PV-015;Bajaj Dominar 400;24900000;2;5;SI;no_informa;NO;Cerrado
HX-00364;24/07/2026;Meta Ads;EMP-01;PV-003;AKT Dynamic R3 125;5590000;;0;SI;no_informa;NO;Sin gestión
HX-00365;28/04/2026;Formulario Web;EMP-03;PV-011;Honda Dio 110;6890000;24;5;SI;credito;NO;Perdido
HX-00366;24/05/2026;WhatsApp;EMP-02;PV-007;Hero Eco Deluxe 100;4990000;120;7;NO;credito;SI;Perdido
HX-00367;19/05/2026;Meta Ads;EMP-03;PV-011;Honda Navi;7290000;2;5;NO_INFORMA;credito;SI;Perdido
HX-00368;31/05/2026;Meta Ads;EMP-02;PV-007;Hero Xpulse 200;14990000;2;3;NO;credito;NO;Perdido
HX-00369;22/03/2026;WhatsApp;EMP-03;PV-013;AKT Dynamic R3 125;5590000;0.5;6;SI;credito;SI;Perdido
HX-00370;12/07/2026;WhatsApp;EMP-03;PV-013;Hero Xpulse 200;14990000;4;7;SI;no_informa;NO;Cerrado
HX-00371;23/05/2026;WhatsApp;EMP-02;PV-007;Honda CB 190R;13990000;16;4;NO_INFORMA;contado;NO;Perdido
HX-00372;14/06/2026;Formulario Web;EMP-01;PV-003;AKT NKD 125;5290000;1;1;NO;credito;NO;Perdido
HX-00373;7/06/2026;WhatsApp;EMP-02;PV-010;Bajaj Pulsar NS 160;11290000;48;4;SI;no_informa;NO;Perdido
HX-00374;20/05/2026;Formulario Web;EMP-03;PV-012;Hero Hunk 160R;10490000;8;1;NO;no_informa;NO;Perdido
HX-00375;11/04/2026;WhatsApp;EMP-03;PV-015;Suzuki V-Strom 250;21900000;1;6;NO;no_informa;SI;Perdido
HX-00376;25/06/2026;Meta Ads;EMP-01;PV-005;Honda Dio 110;6890000;24;6;NO_INFORMA;credito;NO;Perdido
HX-00377;12/06/2026;Formulario Web;EMP-03;PV-013;Honda Navi;7290000;0.5;3;SI;credito;SI;Perdido
HX-00378;18/05/2026;WhatsApp;EMP-01;PV-005;Bajaj Pulsar NS 125;8990000;4;6;NO;credito;SI;Perdido
HX-00379;5/07/2026;Meta Ads;EMP-03;PV-011;AKT Dynamic R3 125;5590000;120;6;NO;credito;NO;Perdido
HX-00380;7/04/2026;WhatsApp;EMP-02;PV-010;Honda CB 190R;13990000;72;3;NO_INFORMA;credito;SI;Perdido
HX-00381;15/06/2026;Meta Ads;EMP-01;PV-002;AKT Dynamic R3 125;5590000;120;4;NO;credito;NO;Perdido
HX-00382;11/04/2026;Meta Ads;EMP-03;PV-014;AKT Evo RS 150;7190000;;0;NO_INFORMA;no_informa;SI;Sin gestión
HX-00383;10/03/2026;WhatsApp;EMP-03;PV-013;Honda XRE 300;22900000;120;4;SI;credito;NO;Perdido
HX-00384;15/07/2026;Meta Ads;EMP-02;PV-007;Hero Dash 110;6290000;2;5;SI;credito;NO;Perdido
HX-00385;9/05/2026;WhatsApp;EMP-02;PV-007;Honda CB 190R;13990000;8;5;NO;credito;NO;Perdido
HX-00386;17/05/2026;Meta Ads;EMP-03;PV-013;AKT NKD 125;5290000;1;5;NO;credito;SI;Perdido
HX-00387;12/07/2026;Meta Ads;EMP-03;PV-013;Hero Eco Deluxe 100;4990000;;0;NO_INFORMA;credito;NO;Sin gestión
HX-00388;10/07/2026;Meta Ads;EMP-01;PV-001;AKT Evo RS 150;7190000;1;3;NO_INFORMA;contado;NO;Perdido
HX-00389;1/05/2026;WhatsApp;EMP-01;PV-005;Honda XR 150L;11490000;72;4;SI;credito;NO;Perdido
HX-00390;9/07/2026;WhatsApp;EMP-03;PV-012;Hero Dash 110;6290000;2;7;NO;credito;NO;Perdido
HX-00391;14/04/2026;WhatsApp;EMP-02;PV-009;Honda Navi;7290000;;0;NO;credito;SI;Sin gestión
HX-00392;24/05/2026;WhatsApp;EMP-03;PV-012;Bajaj Boxer CT 100;5790000;1;4;SI;no_informa;NO;Perdido
HX-00393;14/07/2026;WhatsApp;EMP-01;PV-002;AKT NKD 125;5290000;72;7;NO;credito;NO;Perdido
HX-00394;1/03/2026;WhatsApp;EMP-01;PV-003;Suzuki Best 125;6590000;8;3;SI;credito;NO;Cerrado
HX-00395;2/05/2026;WhatsApp;EMP-03;PV-015;Hero Xpulse 200;14990000;8;2;SI;credito;SI;Perdido
HX-00396;1/07/2026;Meta Ads;EMP-02;PV-008;Honda CB 190R;13990000;1;7;SI;credito;SI;Perdido
HX-00397;2/05/2026;WhatsApp;EMP-01;PV-005;Honda Dio 110;6890000;0.5;6;NO_INFORMA;contado;SI;Perdido
HX-00398;3/07/2026;Meta Ads;EMP-02;PV-006;Bajaj Boxer CT 100;5790000;1;7;NO_INFORMA;no_informa;SI;Perdido
HX-00399;28/06/2026;Meta Ads;EMP-02;PV-007;Suzuki Gixxer 150;11990000;8;7;SI;credito;NO;Perdido
HX-00400;19/05/2026;WhatsApp;EMP-01;PV-002;Honda Navi;7290000;2;5;SI;no_informa;NO;Perdido
HX-00401;3/03/2026;Meta Ads;EMP-03;PV-014;AKT Dynamic R3 125;5590000;0.5;2;SI;no_informa;NO;Perdido
HX-00402;10/07/2026;Formulario Web;EMP-01;PV-005;AKT NKD 125;5290000;24;5;NO;no_informa;SI;Perdido
HX-00403;21/04/2026;Meta Ads;EMP-02;PV-009;Honda XR 150L;11490000;2;6;SI;credito;NO;Cerrado
HX-00404;2/03/2026;WhatsApp;EMP-03;PV-011;Hero Hunk 160R;10490000;120;6;NO_INFORMA;credito;NO;Perdido
HX-00405;7/04/2026;Formulario Web;EMP-02;PV-010;AKT TTR 200;9890000;2;2;NO_INFORMA;credito;NO;Perdido
HX-00406;17/06/2026;Meta Ads;EMP-02;PV-010;Hero Eco Deluxe 100;4990000;24;6;NO_INFORMA;credito;NO;Perdido
HX-00407;2/05/2026;WhatsApp;EMP-02;PV-009;AKT TTR 200;9890000;24;2;NO;credito;NO;Perdido
HX-00408;22/05/2026;WhatsApp;EMP-02;PV-007;Bajaj Pulsar RS 200;15490000;;0;NO_INFORMA;no_informa;NO;Sin gestión
HX-00409;21/05/2026;WhatsApp;EMP-02;PV-006;Honda Dio 110;6890000;16;3;NO_INFORMA;no_informa;NO;Perdido
HX-00410;14/03/2026;Meta Ads;EMP-01;PV-001;Bajaj Pulsar RS 200;15490000;8;6;NO_INFORMA;no_informa;NO;Perdido
HX-00411;2/07/2026;Formulario Web;EMP-01;PV-005;AKT TTR 200;9890000;1;5;NO_INFORMA;credito;SI;Cerrado
HX-00412;11/06/2026;Meta Ads;EMP-01;PV-001;Bajaj Dominar 400;24900000;2;7;SI;credito;NO;Perdido
HX-00413;26/04/2026;Meta Ads;EMP-01;PV-002;Hero Dash 110;6290000;120;6;NO;contado;NO;Cerrado
HX-00414;11/04/2026;WhatsApp;EMP-03;PV-014;Honda Navi;7290000;24;3;SI;no_informa;NO;Perdido
HX-00415;29/06/2026;WhatsApp;EMP-01;PV-002;Honda XR 150L;11490000;72;1;NO;credito;NO;Perdido
HX-00416;5/05/2026;Meta Ads;EMP-03;PV-013;AKT Evo RS 150;7190000;16;1;SI;credito;NO;Perdido
HX-00417;30/03/2026;WhatsApp;EMP-02;PV-007;Bajaj Pulsar RS 200;15490000;120;1;NO;credito;SI;Perdido
HX-00418;28/04/2026;Meta Ads;EMP-03;PV-011;Suzuki Gixxer 150;11990000;1;7;SI;credito;NO;Perdido
HX-00419;8/06/2026;Meta Ads;EMP-02;PV-007;Honda XR 150L;11490000;;0;SI;contado;NO;Sin gestión
HX-00420;15/04/2026;WhatsApp;EMP-02;PV-007;Bajaj Discover 125;6990000;48;7;SI;contado;SI;Perdido
HX-00421;3/05/2026;Meta Ads;EMP-01;PV-005;Bajaj Pulsar RS 200;15490000;4;2;SI;no_informa;NO;Perdido
HX-00422;24/07/2026;WhatsApp;EMP-02;PV-010;AKT Dynamic R3 125;5590000;;0;NO;credito;NO;Sin gestión
HX-00423;23/03/2026;WhatsApp;EMP-01;PV-003;Hero Xpulse 200;14990000;2;7;SI;no_informa;NO;Perdido
HX-00424;15/04/2026;WhatsApp;EMP-03;PV-011;Hero Eco Deluxe 100;4990000;4;7;NO_INFORMA;credito;SI;Perdido
HX-00425;30/04/2026;Formulario Web;EMP-02;PV-008;Honda XR 150L;11490000;72;1;NO;credito;NO;Perdido
HX-00426;30/03/2026;WhatsApp;EMP-01;PV-005;Bajaj Pulsar NS 125;8990000;1;6;NO_INFORMA;credito;NO;Perdido
HX-00427;18/03/2026;WhatsApp;EMP-01;PV-005;AKT NKD 125;5290000;24;2;NO;contado;NO;Perdido
HX-00428;29/05/2026;Meta Ads;EMP-01;PV-002;Honda CB 190R;13990000;2;7;NO_INFORMA;credito;NO;Perdido
HX-00429;13/05/2026;Meta Ads;EMP-01;PV-004;Suzuki Best 125;6590000;2;3;SI;credito;SI;Perdido
HX-00430;20/04/2026;WhatsApp;EMP-02;PV-008;AKT TTR 200;9890000;2;4;NO;credito;NO;Perdido
HX-00431;18/05/2026;WhatsApp;EMP-02;PV-008;Bajaj Boxer CT 100;5790000;4;4;SI;contado;NO;Perdido
HX-00432;23/05/2026;WhatsApp;EMP-01;PV-005;Honda Dio 110;6890000;1;5;NO;contado;NO;Perdido
HX-00433;30/05/2026;WhatsApp;EMP-02;PV-007;Hero Xpulse 200;14990000;2;1;SI;credito;NO;Perdido
HX-00434;12/07/2026;WhatsApp;EMP-02;PV-007;Bajaj Pulsar NS 160;11290000;48;2;SI;credito;NO;Perdido
HX-00435;11/05/2026;WhatsApp;EMP-03;PV-015;Honda Dio 110;6890000;48;2;NO_INFORMA;credito;NO;Perdido
HX-00436;29/03/2026;Formulario Web;EMP-01;PV-001;Suzuki GN 125;7490000;16;2;SI;contado;NO;Perdido
HX-00437;17/06/2026;Meta Ads;EMP-01;PV-003;Bajaj Pulsar NS 160;11290000;48;3;SI;credito;SI;Cerrado
HX-00438;8/05/2026;Formulario Web;EMP-02;PV-008;Bajaj Pulsar RS 200;15490000;1;1;SI;contado;NO;Cerrado
HX-00439;3/05/2026;Meta Ads;EMP-03;PV-011;Bajaj Boxer CT 100;5790000;8;5;SI;no_informa;NO;Perdido
HX-00440;15/06/2026;WhatsApp;EMP-02;PV-009;Bajaj Pulsar NS 160;11290000;72;7;NO_INFORMA;credito;NO;Perdido
HX-00441;20/05/2026;WhatsApp;EMP-03;PV-014;Hero Xpulse 200;14990000;24;7;NO_INFORMA;credito;SI;Perdido
HX-00442;2/04/2026;WhatsApp;EMP-02;PV-006;Bajaj Pulsar NS 125;8990000;4;1;NO;credito;SI;Perdido
HX-00443;24/06/2026;Meta Ads;EMP-02;PV-008;Honda XR 150L;11490000;2;6;NO;contado;SI;Perdido
HX-00444;18/06/2026;Formulario Web;EMP-02;PV-009;Bajaj Discover 125;6990000;0.5;5;SI;credito;SI;Cerrado
HX-00445;15/07/2026;WhatsApp;EMP-03;PV-014;Honda XR 150L;11490000;48;6;NO;credito;SI;Perdido
HX-00446;10/04/2026;Meta Ads;EMP-01;PV-002;Honda Dio 110;6890000;1;2;NO_INFORMA;no_informa;NO;Perdido
HX-00447;20/05/2026;Formulario Web;EMP-02;PV-008;Honda XRE 300;22900000;0.5;5;NO;credito;NO;Perdido
HX-00448;24/04/2026;WhatsApp;EMP-02;PV-008;Honda XR 150L;11490000;24;4;NO;credito;SI;Cerrado
HX-00449;17/07/2026;WhatsApp;EMP-03;PV-014;Honda CB 190R;13990000;1;1;NO_INFORMA;credito;NO;Perdido
HX-00450;18/05/2026;Formulario Web;EMP-02;PV-007;Hero Xpulse 200;14990000;;0;NO;credito;NO;Sin gestión
HX-00451;7/03/2026;WhatsApp;EMP-01;PV-001;Suzuki GN 125;7490000;48;2;SI;contado;NO;Perdido
HX-00452;1/03/2026;WhatsApp;EMP-01;PV-002;Hero Hunk 160R;10490000;120;7;NO;credito;NO;Perdido
HX-00453;5/04/2026;WhatsApp;EMP-02;PV-007;Bajaj Dominar 400;24900000;24;7;NO;credito;NO;Perdido
HX-00454;9/03/2026;Formulario Web;EMP-03;PV-012;Honda XR 150L;11490000;8;3;NO;credito;NO;Perdido
HX-00455;15/06/2026;Meta Ads;EMP-03;PV-014;Bajaj Pulsar RS 200;15490000;72;2;SI;no_informa;NO;Perdido
HX-00456;25/06/2026;Meta Ads;EMP-01;PV-002;Suzuki Best 125;6590000;1;7;SI;credito;NO;Perdido
HX-00457;2/04/2026;Meta Ads;EMP-01;PV-002;Honda CB 125F Twister;7990000;120;5;SI;no_informa;NO;Perdido
HX-00458;29/06/2026;WhatsApp;EMP-02;PV-007;AKT Dynamic R3 125;5590000;16;4;SI;no_informa;NO;Perdido
HX-00459;10/04/2026;WhatsApp;EMP-03;PV-013;Honda Navi;7290000;24;5;SI;credito;NO;Perdido
HX-00460;14/03/2026;WhatsApp;EMP-01;PV-005;Bajaj Dominar 400;24900000;8;5;SI;credito;NO;Perdido
HX-00461;3/03/2026;Formulario Web;EMP-03;PV-012;Suzuki Best 125;6590000;120;2;NO;credito;NO;Perdido
HX-00462;16/05/2026;WhatsApp;EMP-01;PV-004;Honda Navi;7290000;8;6;SI;credito;NO;Perdido
HX-00463;2/07/2026;Meta Ads;EMP-03;PV-014;Honda Navi;7290000;2;4;NO_INFORMA;contado;SI;Cerrado
HX-00464;4/04/2026;Formulario Web;EMP-03;PV-012;Honda XR 150L;11490000;8;4;SI;no_informa;NO;Perdido
HX-00465;25/05/2026;Meta Ads;EMP-03;PV-011;AKT Evo RS 150;7190000;1;2;SI;credito;NO;Perdido
HX-00466;5/03/2026;WhatsApp;EMP-03;PV-015;Bajaj Boxer CT 100;5790000;72;1;NO;credito;NO;Perdido
HX-00467;27/04/2026;WhatsApp;EMP-03;PV-014;Honda XRE 300;22900000;24;2;NO;credito;NO;Perdido
HX-00468;10/03/2026;WhatsApp;EMP-03;PV-012;Honda CB 125F Twister;7990000;48;7;SI;contado;NO;Cerrado
HX-00469;21/05/2026;Meta Ads;EMP-01;PV-003;Bajaj Discover 125;6990000;48;1;NO_INFORMA;credito;NO;Perdido
HX-00470;1/04/2026;WhatsApp;EMP-02;PV-006;Hero Xpulse 200;14990000;72;6;SI;credito;NO;Perdido
HX-00471;3/07/2026;Meta Ads;EMP-03;PV-012;Bajaj Dominar 400;24900000;8;7;SI;contado;NO;Perdido
HX-00472;13/07/2026;Meta Ads;EMP-02;PV-006;Bajaj Discover 125;6990000;48;7;NO;contado;NO;Perdido
HX-00473;24/05/2026;WhatsApp;EMP-03;PV-015;Suzuki Gixxer 150;11990000;;0;NO;credito;SI;Sin gestión
HX-00474;22/03/2026;Meta Ads;EMP-01;PV-003;Honda CB 190R;13990000;;0;NO_INFORMA;contado;NO;Sin gestión
HX-00475;24/03/2026;WhatsApp;EMP-01;PV-001;Honda XR 150L;11490000;120;5;SI;no_informa;SI;Perdido
HX-00476;2/04/2026;Meta Ads;EMP-02;PV-009;AKT Evo RS 150;7190000;8;2;NO_INFORMA;contado;SI;Perdido
HX-00477;4/03/2026;WhatsApp;EMP-03;PV-015;Honda Navi;7290000;2;4;SI;credito;NO;Perdido
HX-00478;31/03/2026;WhatsApp;EMP-03;PV-015;AKT NKD 125;5290000;4;3;SI;credito;NO;Perdido
HX-00479;29/04/2026;WhatsApp;EMP-01;PV-003;Bajaj Pulsar RS 200;15490000;0.5;1;SI;credito;NO;Perdido
HX-00480;18/04/2026;Formulario Web;EMP-01;PV-003;Bajaj Pulsar RS 200;15490000;24;3;SI;credito;NO;Perdido
HX-00481;11/06/2026;Formulario Web;EMP-01;PV-004;Hero Hunk 160R;10490000;72;3;SI;credito;NO;Perdido
HX-00482;1/06/2026;Meta Ads;EMP-03;PV-015;Hero Dash 110;6290000;4;4;NO_INFORMA;credito;SI;Perdido
HX-00483;18/04/2026;Meta Ads;EMP-03;PV-014;Bajaj Pulsar RS 200;15490000;1;5;NO;no_informa;NO;Cerrado
HX-00484;2/06/2026;Meta Ads;EMP-03;PV-015;Hero Eco Deluxe 100;4990000;4;2;SI;credito;SI;Perdido
HX-00485;26/03/2026;Formulario Web;EMP-01;PV-001;Suzuki Gixxer 150;11990000;24;7;SI;no_informa;SI;Perdido
HX-00486;24/04/2026;Meta Ads;EMP-01;PV-002;Suzuki Gixxer 150;11990000;72;4;NO_INFORMA;contado;SI;Perdido
HX-00487;9/04/2026;WhatsApp;EMP-01;PV-004;Hero Xpulse 200;14990000;120;3;SI;credito;SI;Perdido
HX-00488;10/07/2026;WhatsApp;EMP-03;PV-014;Bajaj Boxer CT 100;5790000;48;6;SI;credito;NO;Perdido
HX-00489;22/03/2026;WhatsApp;EMP-01;PV-001;Honda XR 150L;11490000;1;4;NO;credito;NO;Perdido
HX-00490;14/06/2026;WhatsApp;EMP-03;PV-015;Suzuki GN 125;7490000;4;1;NO_INFORMA;contado;NO;Perdido
HX-00491;21/06/2026;WhatsApp;EMP-01;PV-003;Honda Navi;7290000;1;4;NO_INFORMA;contado;SI;Perdido
HX-00492;30/06/2026;WhatsApp;EMP-01;PV-004;Hero Eco Deluxe 100;4990000;2;3;SI;contado;NO;Perdido
HX-00493;24/05/2026;Formulario Web;EMP-01;PV-005;Honda Navi;7290000;;0;SI;credito;NO;Sin gestión
HX-00494;25/07/2026;WhatsApp;EMP-02;PV-007;Honda CB 125F Twister;7990000;1;7;SI;no_informa;NO;Perdido
HX-00495;24/07/2026;WhatsApp;EMP-01;PV-001;AKT NKD 125;5290000;16;3;NO_INFORMA;contado;NO;Perdido
HX-00496;20/07/2026;WhatsApp;EMP-01;PV-005;Hero Dash 110;6290000;24;6;SI;credito;NO;Perdido
HX-00497;16/04/2026;WhatsApp;EMP-02;PV-010;Bajaj Pulsar NS 160;11290000;48;4;NO;credito;SI;Cerrado
HX-00498;16/03/2026;Formulario Web;EMP-02;PV-008;Hero Xpulse 200;14990000;0.5;3;SI;no_informa;NO;Perdido
HX-00499;23/06/2026;Formulario Web;EMP-01;PV-002;Honda Dio 110;6890000;4;4;NO;credito;NO;Perdido
HX-00500;30/04/2026;Meta Ads;EMP-03;PV-012;Honda CB 125F Twister;7990000;4;5;NO;credito;SI;Cerrado
HX-00501;13/07/2026;Formulario Web;EMP-02;PV-008;Bajaj Discover 125;6990000;24;2;SI;no_informa;NO;Perdido
HX-00502;23/05/2026;WhatsApp;EMP-02;PV-010;Honda Dio 110;6890000;24;1;NO;credito;NO;Perdido
HX-00503;14/06/2026;Meta Ads;EMP-01;PV-004;Honda CB 190R;13990000;48;6;SI;credito;SI;Perdido
HX-00504;19/03/2026;Meta Ads;EMP-01;PV-003;Hero Hunk 160R;10490000;2;5;NO;contado;NO;Perdido
HX-00505;23/03/2026;Meta Ads;EMP-01;PV-002;Bajaj Pulsar NS 160;11290000;2;6;SI;credito;NO;Perdido
HX-00506;20/06/2026;Meta Ads;EMP-01;PV-002;Hero Dash 110;6290000;16;5;SI;credito;SI;Perdido
HX-00507;26/06/2026;WhatsApp;EMP-01;PV-005;Hero Dash 110;6290000;24;3;SI;no_informa;NO;Perdido
HX-00508;16/05/2026;Meta Ads;EMP-03;PV-014;Hero Eco Deluxe 100;4990000;4;7;NO_INFORMA;no_informa;NO;Perdido
HX-00509;20/06/2026;WhatsApp;EMP-02;PV-010;AKT Dynamic R3 125;5590000;48;4;NO_INFORMA;credito;NO;Perdido
HX-00510;12/07/2026;Meta Ads;EMP-03;PV-011;AKT NKD 125;5290000;24;5;NO_INFORMA;credito;SI;Perdido
HX-00511;5/06/2026;WhatsApp;EMP-03;PV-012;Suzuki Best 125;6590000;1;5;NO;no_informa;SI;Cerrado
HX-00512;3/07/2026;WhatsApp;EMP-03;PV-011;Bajaj Dominar 400;24900000;120;6;SI;credito;SI;Perdido
HX-00513;26/05/2026;WhatsApp;EMP-02;PV-006;Hero Eco Deluxe 100;4990000;48;7;NO_INFORMA;no_informa;NO;Perdido
HX-00514;24/03/2026;Meta Ads;EMP-03;PV-011;Suzuki GN 125;7490000;2;3;NO;contado;NO;Perdido
HX-00515;20/03/2026;Meta Ads;EMP-01;PV-005;Hero Eco Deluxe 100;4990000;;0;NO;no_informa;SI;Sin gestión
HX-00516;9/07/2026;WhatsApp;EMP-03;PV-013;AKT NKD 125;5290000;;0;SI;no_informa;NO;Sin gestión
HX-00517;10/03/2026;WhatsApp;EMP-01;PV-001;AKT Dynamic R3 125;5590000;24;6;SI;no_informa;NO;Perdido
HX-00518;4/07/2026;WhatsApp;EMP-03;PV-012;Honda CB 190R;13990000;16;2;NO_INFORMA;credito;NO;Cerrado
HX-00519;10/05/2026;WhatsApp;EMP-02;PV-007;Suzuki GN 125;7490000;16;6;NO_INFORMA;credito;SI;Perdido
HX-00520;5/05/2026;WhatsApp;EMP-03;PV-011;Honda CB 190R;13990000;8;1;SI;credito;NO;Perdido
HX-00521;11/07/2026;Formulario Web;EMP-02;PV-010;Honda XR 150L;11490000;120;7;NO;credito;NO;Perdido
HX-00522;16/07/2026;WhatsApp;EMP-03;PV-015;AKT NKD 125;5290000;2;2;NO_INFORMA;credito;SI;Perdido
HX-00523;18/03/2026;WhatsApp;EMP-02;PV-006;Suzuki GN 125;7490000;1;5;SI;contado;SI;Perdido
HX-00524;20/05/2026;WhatsApp;EMP-02;PV-006;Suzuki GN 125;7490000;48;4;NO;no_informa;NO;Perdido
HX-00525;31/03/2026;WhatsApp;EMP-02;PV-006;Honda XR 150L;11490000;8;7;NO;credito;SI;Perdido
HX-00526;17/05/2026;WhatsApp;EMP-03;PV-015;Hero Eco Deluxe 100;4990000;;0;SI;credito;SI;Sin gestión
HX-00527;2/06/2026;Meta Ads;EMP-03;PV-012;Bajaj Pulsar NS 160;11290000;16;7;NO;contado;NO;Perdido
HX-00528;29/03/2026;Meta Ads;EMP-02;PV-006;Suzuki V-Strom 250;21900000;;0;NO;credito;NO;Sin gestión
HX-00529;19/07/2026;Meta Ads;EMP-01;PV-001;AKT Evo RS 150;7190000;48;7;NO_INFORMA;credito;NO;Perdido
HX-00530;6/06/2026;WhatsApp;EMP-02;PV-009;Hero Dash 110;6290000;72;1;SI;credito;NO;Perdido
HX-00531;19/06/2026;WhatsApp;EMP-03;PV-011;Bajaj Dominar 400;24900000;24;2;NO;credito;NO;Perdido
HX-00532;2/05/2026;WhatsApp;EMP-01;PV-002;Bajaj Dominar 400;24900000;4;2;NO_INFORMA;credito;NO;Perdido
HX-00533;3/04/2026;WhatsApp;EMP-01;PV-005;Bajaj Pulsar RS 200;15490000;16;2;SI;no_informa;NO;Perdido
HX-00534;21/04/2026;Meta Ads;EMP-02;PV-007;Hero Hunk 160R;10490000;24;7;NO_INFORMA;credito;SI;Perdido
HX-00535;7/06/2026;Meta Ads;EMP-01;PV-005;Honda Dio 110;6890000;8;2;NO;credito;NO;Perdido
HX-00536;19/06/2026;WhatsApp;EMP-01;PV-002;AKT TTR 200;9890000;2;7;SI;credito;NO;Perdido
HX-00537;26/07/2026;WhatsApp;EMP-01;PV-001;Hero Eco Deluxe 100;4990000;48;3;NO;contado;NO;Perdido
HX-00538;15/07/2026;WhatsApp;EMP-03;PV-015;AKT NKD 125;5290000;72;4;NO_INFORMA;credito;NO;Perdido
HX-00539;21/07/2026;Formulario Web;EMP-02;PV-008;Honda XR 150L;11490000;16;7;NO_INFORMA;credito;NO;Perdido
HX-00540;27/07/2026;Formulario Web;EMP-01;PV-002;Hero Eco Deluxe 100;4990000;1;6;NO;no_informa;NO;Perdido
HX-00541;9/04/2026;WhatsApp;EMP-03;PV-015;Hero Hunk 160R;10490000;1;5;NO;credito;NO;Perdido
HX-00542;10/06/2026;Formulario Web;EMP-01;PV-004;Honda CB 125F Twister;7990000;24;6;SI;credito;NO;Perdido
HX-00543;25/06/2026;WhatsApp;EMP-02;PV-008;Bajaj Discover 125;6990000;4;2;NO_INFORMA;credito;SI;Perdido
HX-00544;23/03/2026;Formulario Web;EMP-01;PV-005;Honda Navi;7290000;2;5;SI;no_informa;SI;Perdido
HX-00545;19/05/2026;WhatsApp;EMP-03;PV-015;Honda CB 125F Twister;7990000;16;6;SI;no_informa;SI;Perdido
HX-00546;7/07/2026;Meta Ads;EMP-02;PV-008;Bajaj Pulsar RS 200;15490000;16;3;SI;contado;NO;Perdido
HX-00547;24/03/2026;WhatsApp;EMP-02;PV-010;Honda XR 150L;11490000;0.5;5;NO;contado;NO;Perdido
HX-00548;1/06/2026;WhatsApp;EMP-01;PV-004;AKT TTR 200;9890000;1;3;SI;credito;NO;Perdido
HX-00549;4/04/2026;Formulario Web;EMP-02;PV-007;Hero Eco Deluxe 100;4990000;1;5;SI;credito;SI;Cerrado
HX-00550;7/07/2026;WhatsApp;EMP-03;PV-012;Suzuki Gixxer 150;11990000;1;3;SI;credito;NO;Perdido
HX-00551;6/04/2026;Meta Ads;EMP-03;PV-012;Bajaj Pulsar NS 160;11290000;4;4;SI;credito;NO;Perdido
HX-00552;14/05/2026;WhatsApp;EMP-02;PV-009;Honda XRE 300;22900000;0.5;1;SI;contado;SI;Perdido
HX-00553;6/03/2026;WhatsApp;EMP-02;PV-006;Hero Hunk 160R;10490000;48;5;SI;contado;NO;Perdido
HX-00554;9/05/2026;WhatsApp;EMP-02;PV-008;Suzuki V-Strom 250;21900000;;0;NO_INFORMA;contado;NO;Sin gestión
HX-00555;6/05/2026;WhatsApp;EMP-01;PV-002;Honda Dio 110;6890000;;0;NO_INFORMA;contado;NO;Sin gestión
HX-00556;12/03/2026;WhatsApp;EMP-01;PV-005;Bajaj Boxer CT 100;5790000;24;2;NO;credito;SI;Perdido
HX-00557;28/03/2026;WhatsApp;EMP-02;PV-009;Suzuki Gixxer 150;11990000;2;4;NO_INFORMA;credito;NO;Perdido
HX-00558;20/05/2026;WhatsApp;EMP-02;PV-008;Honda Navi;7290000;4;4;SI;credito;NO;Perdido
HX-00559;9/04/2026;Meta Ads;EMP-03;PV-015;Bajaj Pulsar RS 200;15490000;;0;NO;no_informa;NO;Sin gestión
HX-00560;7/04/2026;Meta Ads;EMP-01;PV-005;Suzuki Gixxer 150;11990000;2;5;SI;credito;NO;Perdido
HX-00561;4/07/2026;Meta Ads;EMP-03;PV-015;Bajaj Pulsar RS 200;15490000;;0;NO_INFORMA;credito;NO;Sin gestión
HX-00562;25/04/2026;Meta Ads;EMP-01;PV-002;Bajaj Pulsar NS 160;11290000;72;4;NO_INFORMA;credito;SI;Perdido
HX-00563;7/05/2026;WhatsApp;EMP-03;PV-014;Suzuki Gixxer 150;11990000;72;6;SI;credito;NO;Perdido
HX-00564;7/05/2026;Formulario Web;EMP-01;PV-001;AKT Dynamic R3 125;5590000;2;1;NO;no_informa;NO;Perdido
HX-00565;14/06/2026;WhatsApp;EMP-03;PV-015;AKT TTR 200;9890000;48;3;NO;credito;NO;Perdido
HX-00566;24/06/2026;WhatsApp;EMP-01;PV-004;AKT TTR 200;9890000;1;5;NO;credito;NO;Cerrado
HX-00567;28/05/2026;WhatsApp;EMP-01;PV-003;Honda XRE 300;22900000;1;2;NO_INFORMA;credito;NO;Perdido
HX-00568;16/05/2026;Formulario Web;EMP-02;PV-007;Bajaj Boxer CT 100;5790000;;0;NO;credito;NO;Sin gestión
HX-00569;21/06/2026;Formulario Web;EMP-01;PV-004;AKT NKD 125;5290000;2;5;NO;contado;NO;Perdido
HX-00570;12/03/2026;WhatsApp;EMP-01;PV-003;AKT TTR 200;9890000;4;2;NO;credito;SI;Perdido
HX-00571;13/05/2026;Meta Ads;EMP-02;PV-008;Suzuki Best 125;6590000;0.5;4;NO;contado;NO;Perdido
HX-00572;2/04/2026;Meta Ads;EMP-02;PV-007;Bajaj Pulsar NS 125;8990000;4;2;NO;credito;NO;Perdido
HX-00573;7/07/2026;Formulario Web;EMP-01;PV-002;Honda CB 125F Twister;7990000;4;7;SI;no_informa;SI;Perdido
HX-00574;26/04/2026;WhatsApp;EMP-02;PV-009;Hero Dash 110;6290000;16;3;NO;no_informa;SI;Perdido
HX-00575;20/07/2026;Meta Ads;EMP-01;PV-004;Honda XR 150L;11490000;8;2;NO;credito;NO;Perdido
HX-00576;9/07/2026;Meta Ads;EMP-03;PV-014;Suzuki Best 125;6590000;72;5;NO;contado;SI;Perdido
HX-00577;25/04/2026;Formulario Web;EMP-02;PV-009;Honda Dio 110;6890000;24;3;NO;credito;SI;Perdido
HX-00578;22/03/2026;WhatsApp;EMP-03;PV-011;Bajaj Pulsar NS 160;11290000;2;1;NO;contado;SI;Cerrado
HX-00579;19/07/2026;WhatsApp;EMP-02;PV-008;Honda Navi;7290000;2;5;NO_INFORMA;credito;NO;Perdido
HX-00580;17/06/2026;Meta Ads;EMP-03;PV-014;AKT NKD 125;5290000;72;4;SI;no_informa;NO;Perdido
HX-00581;8/03/2026;Meta Ads;EMP-03;PV-015;Hero Eco Deluxe 100;4990000;1;6;SI;credito;NO;Perdido
HX-00582;23/06/2026;Formulario Web;EMP-01;PV-001;Bajaj Pulsar RS 200;15490000;24;3;NO;credito;SI;Perdido
HX-00583;29/05/2026;Meta Ads;EMP-02;PV-006;Suzuki Best 125;6590000;0.5;2;SI;no_informa;SI;Perdido
HX-00584;17/03/2026;WhatsApp;EMP-01;PV-005;Hero Eco Deluxe 100;4990000;;0;NO_INFORMA;contado;NO;Sin gestión
HX-00585;2/04/2026;Meta Ads;EMP-01;PV-001;Suzuki V-Strom 250;21900000;4;1;NO;credito;NO;Perdido
HX-00586;16/04/2026;Formulario Web;EMP-03;PV-013;AKT TTR 200;9890000;48;1;SI;contado;SI;Perdido
HX-00587;10/06/2026;WhatsApp;EMP-03;PV-014;Honda Dio 110;6890000;24;5;SI;credito;NO;Perdido
HX-00588;21/04/2026;Meta Ads;EMP-02;PV-009;Honda CB 190R;13990000;1;6;NO;credito;NO;Perdido
HX-00589;5/05/2026;WhatsApp;EMP-01;PV-003;AKT Dynamic R3 125;5590000;1;4;SI;no_informa;SI;Perdido
HX-00590;8/07/2026;WhatsApp;EMP-02;PV-006;AKT Evo RS 150;7190000;4;3;NO_INFORMA;no_informa;NO;Perdido
HX-00591;3/03/2026;WhatsApp;EMP-01;PV-001;Honda Dio 110;6890000;0.5;5;NO;credito;SI;Perdido
HX-00592;9/07/2026;Meta Ads;EMP-03;PV-013;Hero Hunk 160R;10490000;8;4;NO_INFORMA;contado;NO;Perdido
HX-00593;13/05/2026;Meta Ads;EMP-01;PV-005;Bajaj Pulsar RS 200;15490000;2;2;NO;no_informa;NO;Perdido
HX-00594;30/03/2026;Meta Ads;EMP-01;PV-005;AKT Evo RS 150;7190000;0.5;6;SI;contado;NO;Perdido
HX-00595;10/06/2026;Formulario Web;EMP-01;PV-003;Honda Dio 110;6890000;1;4;NO_INFORMA;credito;SI;Cerrado
HX-00596;6/07/2026;WhatsApp;EMP-03;PV-011;Hero Dash 110;6290000;8;1;NO;credito;SI;Perdido
HX-00597;22/03/2026;Meta Ads;EMP-01;PV-001;Bajaj Pulsar RS 200;15490000;16;6;NO;credito;NO;Perdido
HX-00598;8/04/2026;WhatsApp;EMP-01;PV-004;Bajaj Pulsar NS 125;8990000;24;7;NO_INFORMA;contado;NO;Perdido
HX-00599;8/07/2026;Formulario Web;EMP-02;PV-010;Honda CB 190R;13990000;72;3;NO;credito;NO;Perdido
HX-00600;4/04/2026;WhatsApp;EMP-02;PV-009;Honda XRE 300;22900000;0.5;7;NO;contado;NO;Perdido
HX-00601;5/03/2026;WhatsApp;EMP-01;PV-004;Suzuki GN 125;7490000;8;4;SI;credito;NO;Perdido
HX-00602;3/03/2026;Formulario Web;EMP-03;PV-013;AKT TTR 200;9890000;24;4;NO;contado;SI;Perdido
HX-00603;20/07/2026;WhatsApp;EMP-03;PV-012;Honda CB 190R;13990000;16;2;NO_INFORMA;credito;NO;Perdido
HX-00604;24/05/2026;WhatsApp;EMP-01;PV-004;Bajaj Pulsar RS 200;15490000;120;5;SI;contado;SI;Perdido
HX-00605;8/05/2026;WhatsApp;EMP-01;PV-004;Bajaj Discover 125;6990000;;0;NO;no_informa;NO;Sin gestión
HX-00606;18/03/2026;Meta Ads;EMP-03;PV-012;Honda Dio 110;6890000;8;2;NO;credito;NO;Perdido
HX-00607;2/03/2026;Meta Ads;EMP-02;PV-008;Honda Dio 110;6890000;120;7;NO_INFORMA;contado;NO;Perdido
HX-00608;25/05/2026;WhatsApp;EMP-03;PV-011;Honda Dio 110;6890000;4;5;SI;credito;SI;Cerrado
HX-00609;6/04/2026;Meta Ads;EMP-02;PV-007;Suzuki Gixxer 150;11990000;48;1;SI;credito;NO;Perdido
HX-00610;13/03/2026;WhatsApp;EMP-02;PV-010;Suzuki V-Strom 250;21900000;120;5;SI;credito;NO;Perdido
HX-00611;14/06/2026;Meta Ads;EMP-03;PV-011;AKT NKD 125;5290000;8;2;NO;credito;NO;Cerrado
HX-00612;10/05/2026;Formulario Web;EMP-01;PV-002;Hero Hunk 160R;10490000;0.5;2;NO;no_informa;SI;Perdido
HX-00613;8/07/2026;WhatsApp;EMP-03;PV-015;Hero Hunk 160R;10490000;8;1;NO;contado;SI;Perdido
HX-00614;24/07/2026;WhatsApp;EMP-02;PV-009;Hero Hunk 160R;10490000;120;3;SI;credito;NO;Perdido
HX-00615;1/05/2026;WhatsApp;EMP-02;PV-006;Bajaj Boxer CT 100;5790000;72;7;SI;contado;NO;Perdido
HX-00616;11/07/2026;WhatsApp;EMP-03;PV-015;AKT NKD 125;5290000;0.5;3;NO;credito;NO;Perdido
HX-00617;10/04/2026;WhatsApp;EMP-02;PV-006;Bajaj Pulsar NS 125;8990000;2;5;NO;credito;SI;Perdido
HX-00618;27/05/2026;Meta Ads;EMP-01;PV-002;Honda XRE 300;22900000;4;3;NO;credito;NO;Perdido
HX-00619;12/05/2026;Meta Ads;EMP-03;PV-011;Bajaj Pulsar NS 125;8990000;24;3;NO;no_informa;SI;Perdido
HX-00620;3/03/2026;WhatsApp;EMP-03;PV-011;Suzuki Best 125;6590000;2;6;NO;credito;NO;Perdido
HX-00621;16/06/2026;Meta Ads;EMP-03;PV-014;Bajaj Dominar 400;24900000;24;5;NO;no_informa;SI;Perdido
HX-00622;9/07/2026;Formulario Web;EMP-02;PV-010;AKT TTR 200;9890000;4;6;NO;credito;NO;Perdido
HX-00623;18/04/2026;Meta Ads;EMP-01;PV-002;Suzuki Best 125;6590000;;0;NO_INFORMA;credito;NO;Sin gestión
HX-00624;14/04/2026;WhatsApp;EMP-01;PV-002;Bajaj Pulsar NS 160;11290000;48;4;NO_INFORMA;credito;NO;Perdido
HX-00625;17/07/2026;Meta Ads;EMP-01;PV-001;AKT Dynamic R3 125;5590000;72;5;SI;no_informa;NO;Perdido
HX-00626;17/03/2026;WhatsApp;EMP-01;PV-002;Hero Hunk 160R;10490000;2;6;NO;contado;NO;Perdido
HX-00627;26/03/2026;WhatsApp;EMP-01;PV-001;Suzuki V-Strom 250;21900000;0.5;6;NO;no_informa;SI;Cerrado
HX-00628;22/05/2026;Meta Ads;EMP-01;PV-003;Hero Dash 110;6290000;72;6;NO_INFORMA;credito;NO;Perdido
HX-00629;29/05/2026;WhatsApp;EMP-01;PV-001;Honda Dio 110;6890000;48;6;NO;credito;NO;Perdido
HX-00630;27/03/2026;Meta Ads;EMP-01;PV-001;Bajaj Pulsar NS 125;8990000;;0;NO_INFORMA;no_informa;NO;Sin gestión
HX-00631;5/03/2026;WhatsApp;EMP-01;PV-002;Honda XR 150L;11490000;1;3;SI;credito;NO;Perdido
HX-00632;26/06/2026;Meta Ads;EMP-01;PV-003;Suzuki V-Strom 250;21900000;1;5;SI;no_informa;NO;Perdido
HX-00633;22/05/2026;WhatsApp;EMP-02;PV-008;Bajaj Pulsar NS 125;8990000;8;1;SI;credito;SI;Perdido
HX-00634;25/03/2026;WhatsApp;EMP-01;PV-004;Honda CB 125F Twister;7990000;0.5;7;NO;credito;NO;Perdido
HX-00635;5/05/2026;Meta Ads;EMP-02;PV-009;Bajaj Boxer CT 100;5790000;4;5;SI;contado;NO;Perdido
HX-00636;19/03/2026;Meta Ads;EMP-03;PV-014;Bajaj Pulsar NS 125;8990000;;0;NO;credito;SI;Sin gestión
HX-00637;27/03/2026;Meta Ads;EMP-01;PV-005;AKT Evo RS 150;7190000;2;1;NO_INFORMA;credito;NO;Perdido
HX-00638;22/04/2026;WhatsApp;EMP-01;PV-001;Bajaj Dominar 400;24900000;4;6;SI;credito;NO;Perdido
HX-00639;14/06/2026;Formulario Web;EMP-03;PV-013;Bajaj Dominar 400;24900000;4;4;NO_INFORMA;no_informa;SI;Perdido
HX-00640;7/07/2026;WhatsApp;EMP-01;PV-004;Honda Navi;7290000;24;6;NO;contado;NO;Perdido
HX-00641;5/03/2026;WhatsApp;EMP-01;PV-002;Bajaj Dominar 400;24900000;48;6;NO;contado;NO;Perdido
HX-00642;18/04/2026;Meta Ads;EMP-02;PV-008;Honda XRE 300;22900000;48;5;SI;credito;NO;Perdido
HX-00643;17/05/2026;WhatsApp;EMP-01;PV-003;Hero Hunk 160R;10490000;16;5;NO;contado;SI;Perdido
HX-00644;19/07/2026;Formulario Web;EMP-02;PV-007;Honda Dio 110;6890000;4;2;SI;credito;NO;Perdido
HX-00645;16/04/2026;WhatsApp;EMP-01;PV-001;AKT TTR 200;9890000;48;5;NO;credito;NO;Perdido
HX-00646;20/03/2026;WhatsApp;EMP-02;PV-006;AKT Evo RS 150;7190000;;0;SI;credito;NO;Sin gestión
HX-00647;8/06/2026;Formulario Web;EMP-02;PV-008;Suzuki GN 125;7490000;16;2;SI;credito;NO;Perdido
HX-00648;15/04/2026;Meta Ads;EMP-02;PV-006;Hero Hunk 160R;10490000;72;4;NO;no_informa;SI;Perdido
HX-00649;26/04/2026;Formulario Web;EMP-01;PV-002;Suzuki Best 125;6590000;0.5;1;NO;no_informa;SI;Perdido
HX-00650;22/04/2026;Meta Ads;EMP-02;PV-009;Bajaj Dominar 400;24900000;2;4;NO;credito;NO;Perdido
HX-00651;9/06/2026;Meta Ads;EMP-03;PV-014;Hero Hunk 160R;10490000;1;3;SI;contado;NO;Perdido
HX-00652;27/07/2026;Formulario Web;EMP-03;PV-013;Honda XRE 300;22900000;4;6;SI;credito;NO;Perdido
HX-00653;20/06/2026;Formulario Web;EMP-01;PV-001;Honda CB 125F Twister;7990000;48;7;NO;credito;NO;Perdido
HX-00654;25/07/2026;WhatsApp;EMP-02;PV-007;Honda CB 190R;13990000;24;3;NO;credito;NO;Perdido
HX-00655;13/04/2026;Formulario Web;EMP-02;PV-008;Honda XR 150L;11490000;120;3;NO;contado;NO;Perdido
HX-00656;17/06/2026;WhatsApp;EMP-01;PV-001;Bajaj Pulsar RS 200;15490000;4;6;NO;no_informa;NO;Perdido
HX-00657;10/07/2026;WhatsApp;EMP-02;PV-009;Hero Dash 110;6290000;24;5;SI;credito;NO;Perdido
HX-00658;29/03/2026;Meta Ads;EMP-01;PV-001;Suzuki Best 125;6590000;4;1;NO;credito;NO;Perdido
HX-00659;22/05/2026;WhatsApp;EMP-01;PV-005;Suzuki Best 125;6590000;24;5;SI;contado;NO;Perdido
HX-00660;17/05/2026;Meta Ads;EMP-01;PV-003;Hero Eco Deluxe 100;4990000;48;7;SI;no_informa;NO;Perdido
HX-00661;5/05/2026;Formulario Web;EMP-01;PV-003;Suzuki Gixxer 150;11990000;24;4;NO;contado;NO;Cerrado
HX-00662;25/04/2026;Meta Ads;EMP-03;PV-015;Honda XR 150L;11490000;48;4;NO;credito;SI;Perdido
HX-00663;10/04/2026;Meta Ads;EMP-03;PV-013;Bajaj Pulsar NS 160;11290000;4;6;NO_INFORMA;credito;NO;Perdido
HX-00664;8/04/2026;WhatsApp;EMP-03;PV-015;Bajaj Pulsar NS 125;8990000;2;5;SI;credito;NO;Perdido
HX-00665;27/05/2026;Meta Ads;EMP-02;PV-007;Suzuki Best 125;6590000;2;2;NO_INFORMA;contado;NO;Perdido
HX-00666;7/06/2026;Meta Ads;EMP-02;PV-009;Bajaj Pulsar NS 160;11290000;48;2;SI;credito;SI;Perdido
HX-00667;23/04/2026;WhatsApp;EMP-02;PV-007;Honda CB 125F Twister;7990000;8;5;NO_INFORMA;no_informa;NO;Perdido
HX-00668;13/07/2026;Meta Ads;EMP-01;PV-004;Honda XRE 300;22900000;1;4;NO;credito;SI;Perdido
HX-00669;21/06/2026;Formulario Web;EMP-02;PV-008;Bajaj Boxer CT 100;5790000;0.5;5;NO;credito;NO;Perdido
HX-00670;12/07/2026;Meta Ads;EMP-02;PV-007;Bajaj Boxer CT 100;5790000;;0;SI;credito;NO;Sin gestión
HX-00671;23/03/2026;Meta Ads;EMP-03;PV-014;Honda Dio 110;6890000;4;3;SI;contado;NO;Perdido
HX-00672;24/03/2026;WhatsApp;EMP-01;PV-001;AKT TTR 200;9890000;72;2;SI;credito;NO;Perdido
HX-00673;26/06/2026;Formulario Web;EMP-02;PV-009;Suzuki Best 125;6590000;24;6;SI;credito;SI;Perdido
HX-00674;24/05/2026;Formulario Web;EMP-01;PV-001;Hero Hunk 160R;10490000;16;6;SI;credito;SI;Perdido
HX-00675;2/05/2026;WhatsApp;EMP-03;PV-014;Suzuki Gixxer 150;11990000;120;7;NO_INFORMA;no_informa;NO;Perdido
HX-00676;5/06/2026;WhatsApp;EMP-02;PV-006;AKT Evo RS 150;7190000;48;1;SI;credito;SI;Perdido
HX-00677;13/04/2026;WhatsApp;EMP-03;PV-013;Suzuki V-Strom 250;21900000;16;7;NO_INFORMA;no_informa;NO;Perdido
HX-00678;8/06/2026;WhatsApp;EMP-02;PV-006;AKT NKD 125;5290000;2;3;SI;credito;NO;Perdido
HX-00679;7/04/2026;Formulario Web;EMP-01;PV-004;Bajaj Pulsar RS 200;15490000;72;3;SI;credito;NO;Perdido
HX-00680;5/06/2026;Meta Ads;EMP-03;PV-015;Hero Dash 110;6290000;4;1;NO;credito;NO;Perdido
HX-00681;17/03/2026;Meta Ads;EMP-01;PV-004;Suzuki V-Strom 250;21900000;2;5;NO;credito;NO;Perdido
HX-00682;8/04/2026;Formulario Web;EMP-03;PV-015;Honda CB 190R;13990000;2;2;NO;credito;NO;Perdido
HX-00683;11/06/2026;WhatsApp;EMP-02;PV-008;AKT TTR 200;9890000;72;5;SI;credito;SI;Perdido
HX-00684;15/03/2026;Formulario Web;EMP-01;PV-002;Honda Navi;7290000;8;5;NO;contado;SI;Perdido
HX-00685;14/07/2026;Meta Ads;EMP-03;PV-013;Bajaj Pulsar RS 200;15490000;4;2;SI;credito;NO;Perdido
HX-00686;25/05/2026;Meta Ads;EMP-02;PV-006;Bajaj Pulsar NS 125;8990000;24;5;SI;credito;NO;Perdido
HX-00687;25/06/2026;WhatsApp;EMP-01;PV-005;Suzuki V-Strom 250;21900000;2;4;NO;credito;NO;Cerrado
HX-00688;27/07/2026;WhatsApp;EMP-03;PV-014;Bajaj Pulsar NS 160;11290000;72;2;SI;contado;NO;Perdido
HX-00689;27/05/2026;WhatsApp;EMP-01;PV-005;Bajaj Pulsar RS 200;15490000;72;6;SI;credito;SI;Perdido
HX-00690;3/07/2026;Meta Ads;EMP-01;PV-002;Honda XR 150L;11490000;;0;NO_INFORMA;credito;NO;Sin gestión
HX-00691;16/03/2026;Formulario Web;EMP-01;PV-005;AKT Dynamic R3 125;5590000;48;6;SI;no_informa;NO;Perdido
HX-00692;21/03/2026;Meta Ads;EMP-02;PV-010;Suzuki Best 125;6590000;48;7;NO;credito;NO;Perdido
HX-00693;14/06/2026;Meta Ads;EMP-02;PV-010;Hero Dash 110;6290000;8;2;SI;contado;SI;Perdido
HX-00694;20/05/2026;WhatsApp;EMP-01;PV-002;Suzuki GN 125;7490000;16;4;SI;credito;NO;Perdido
HX-00695;5/05/2026;WhatsApp;EMP-01;PV-003;Hero Hunk 160R;10490000;;0;SI;credito;NO;Sin gestión
HX-00696;15/06/2026;Formulario Web;EMP-02;PV-008;AKT TTR 200;9890000;48;1;SI;credito;SI;Perdido
HX-00697;13/07/2026;Meta Ads;EMP-03;PV-011;Suzuki Gixxer 150;11990000;16;5;NO_INFORMA;credito;NO;Perdido
HX-00698;30/05/2026;WhatsApp;EMP-01;PV-002;Honda Navi;7290000;1;7;SI;credito;SI;Perdido
HX-00699;15/05/2026;WhatsApp;EMP-02;PV-009;Honda XRE 300;22900000;48;5;NO_INFORMA;credito;SI;Perdido
HX-00700;28/04/2026;WhatsApp;EMP-03;PV-013;Honda Navi;7290000;16;5;SI;credito;SI;Perdido
HX-00701;13/03/2026;WhatsApp;EMP-03;PV-011;AKT TTR 200;9890000;120;1;SI;credito;SI;Perdido
HX-00702;28/03/2026;WhatsApp;EMP-02;PV-007;Suzuki Gixxer 150;11990000;24;6;SI;credito;NO;Perdido
HX-00703;13/04/2026;Formulario Web;EMP-02;PV-009;Hero Hunk 160R;10490000;1;3;NO_INFORMA;credito;SI;Perdido
HX-00704;6/06/2026;WhatsApp;EMP-02;PV-008;Honda Navi;7290000;0.5;2;NO;credito;NO;Perdido
HX-00705;17/03/2026;WhatsApp;EMP-01;PV-001;AKT NKD 125;5290000;24;2;NO;no_informa;NO;Perdido
HX-00706;17/07/2026;WhatsApp;EMP-01;PV-002;AKT Evo RS 150;7190000;24;4;NO;contado;NO;Perdido
HX-00707;7/05/2026;WhatsApp;EMP-02;PV-009;Suzuki V-Strom 250;21900000;2;1;NO_INFORMA;contado;NO;Perdido
HX-00708;10/07/2026;WhatsApp;EMP-01;PV-002;Hero Eco Deluxe 100;4990000;;0;NO;credito;NO;Sin gestión
HX-00709;19/05/2026;WhatsApp;EMP-03;PV-013;Bajaj Boxer CT 100;5790000;24;5;NO_INFORMA;credito;NO;Perdido
HX-00710;1/05/2026;WhatsApp;EMP-02;PV-009;Bajaj Pulsar NS 125;8990000;8;2;SI;no_informa;SI;Perdido
HX-00711;19/05/2026;Meta Ads;EMP-02;PV-008;Hero Dash 110;6290000;;0;SI;no_informa;NO;Sin gestión
HX-00712;21/04/2026;WhatsApp;EMP-01;PV-003;Honda CB 125F Twister;7990000;8;7;SI;no_informa;SI;Perdido
HX-00713;19/05/2026;Formulario Web;EMP-01;PV-001;AKT NKD 125;5290000;48;3;NO;contado;NO;Perdido
HX-00714;4/06/2026;WhatsApp;EMP-02;PV-007;Bajaj Boxer CT 100;5790000;48;6;NO_INFORMA;credito;NO;Perdido
HX-00715;1/03/2026;Meta Ads;EMP-03;PV-015;Honda XR 150L;11490000;24;7;SI;contado;NO;Perdido
HX-00716;19/05/2026;WhatsApp;EMP-02;PV-010;AKT Dynamic R3 125;5590000;2;7;NO;contado;NO;Perdido
HX-00717;6/06/2026;WhatsApp;EMP-01;PV-004;AKT TTR 200;9890000;4;4;NO_INFORMA;credito;NO;Perdido
HX-00718;30/03/2026;Meta Ads;EMP-01;PV-005;Bajaj Pulsar NS 125;8990000;1;4;NO;contado;SI;Cerrado
HX-00719;26/05/2026;Meta Ads;EMP-02;PV-009;Suzuki GN 125;7490000;24;6;SI;no_informa;SI;Cerrado
HX-00720;7/03/2026;WhatsApp;EMP-01;PV-003;Bajaj Pulsar NS 125;8990000;;0;NO;credito;NO;Sin gestión
HX-00721;25/03/2026;Meta Ads;EMP-01;PV-004;AKT NKD 125;5290000;72;5;NO_INFORMA;no_informa;SI;Perdido
HX-00722;9/05/2026;WhatsApp;EMP-03;PV-012;Honda Dio 110;6890000;;0;NO;credito;SI;Sin gestión
HX-00723;7/07/2026;WhatsApp;EMP-03;PV-011;Suzuki Best 125;6590000;0.5;1;NO_INFORMA;credito;SI;Perdido
HX-00724;11/03/2026;WhatsApp;EMP-01;PV-004;AKT TTR 200;9890000;1;4;SI;credito;NO;Perdido
HX-00725;15/03/2026;WhatsApp;EMP-02;PV-010;Suzuki V-Strom 250;21900000;8;2;NO;credito;SI;Perdido
HX-00726;1/04/2026;Meta Ads;EMP-02;PV-007;Honda CB 190R;13990000;0.5;1;NO_INFORMA;credito;SI;Perdido
HX-00727;12/07/2026;Formulario Web;EMP-01;PV-001;Honda Navi;7290000;0.5;1;NO_INFORMA;contado;NO;Perdido
HX-00728;6/04/2026;Formulario Web;EMP-03;PV-012;Suzuki Gixxer 150;11990000;1;5;SI;credito;SI;Perdido
HX-00729;7/03/2026;WhatsApp;EMP-02;PV-007;Honda XR 150L;11490000;4;6;NO;contado;NO;Perdido
HX-00730;24/03/2026;WhatsApp;EMP-01;PV-005;Bajaj Boxer CT 100;5790000;24;5;SI;contado;NO;Perdido
HX-00731;24/07/2026;WhatsApp;EMP-01;PV-005;Bajaj Boxer CT 100;5790000;1;1;SI;credito;NO;Perdido
HX-00732;13/05/2026;WhatsApp;EMP-03;PV-015;Hero Hunk 160R;10490000;8;7;SI;no_informa;NO;Perdido
HX-00733;27/07/2026;Meta Ads;EMP-01;PV-005;Bajaj Pulsar NS 160;11290000;120;5;NO;credito;NO;Perdido
HX-00734;29/06/2026;WhatsApp;EMP-02;PV-010;AKT Dynamic R3 125;5590000;2;3;NO_INFORMA;credito;SI;Cerrado
HX-00735;20/05/2026;WhatsApp;EMP-03;PV-013;Bajaj Dominar 400;24900000;8;2;NO_INFORMA;contado;SI;Perdido
HX-00736;7/07/2026;WhatsApp;EMP-01;PV-002;Hero Eco Deluxe 100;4990000;120;5;SI;no_informa;NO;Perdido
HX-00737;14/04/2026;Formulario Web;EMP-01;PV-001;AKT Evo RS 150;7190000;120;1;NO_INFORMA;credito;NO;Perdido
HX-00738;30/06/2026;Formulario Web;EMP-03;PV-013;Hero Xpulse 200;14990000;0.5;4;SI;contado;NO;Perdido
HX-00739;7/07/2026;WhatsApp;EMP-01;PV-002;Bajaj Pulsar NS 125;8990000;72;2;NO_INFORMA;credito;NO;Perdido
HX-00740;5/05/2026;WhatsApp;EMP-03;PV-012;AKT Evo RS 150;7190000;16;5;NO;contado;NO;Perdido
HX-00741;5/07/2026;WhatsApp;EMP-03;PV-015;Suzuki Gixxer 150;11990000;8;2;SI;contado;SI;Cerrado
HX-00742;11/04/2026;Meta Ads;EMP-02;PV-008;Suzuki Gixxer 150;11990000;;0;SI;contado;NO;Sin gestión
HX-00743;8/04/2026;Formulario Web;EMP-01;PV-002;Honda CB 125F Twister;7990000;120;7;SI;credito;SI;Cerrado
HX-00744;6/03/2026;WhatsApp;EMP-03;PV-013;Suzuki GN 125;7490000;1;2;SI;credito;NO;Perdido
HX-00745;12/04/2026;WhatsApp;EMP-03;PV-012;Honda CB 125F Twister;7990000;48;3;NO_INFORMA;contado;NO;Perdido
HX-00746;5/06/2026;WhatsApp;EMP-02;PV-006;Bajaj Pulsar NS 160;11290000;0.5;1;NO_INFORMA;credito;NO;Cerrado
HX-00747;7/04/2026;WhatsApp;EMP-02;PV-009;Honda Dio 110;6890000;72;5;SI;no_informa;NO;Perdido
HX-00748;24/05/2026;Meta Ads;EMP-02;PV-010;Honda XRE 300;22900000;16;3;NO_INFORMA;no_informa;SI;Perdido
HX-00749;17/07/2026;WhatsApp;EMP-01;PV-002;Honda Navi;7290000;;0;NO;contado;NO;Sin gestión
HX-00750;7/05/2026;Formulario Web;EMP-01;PV-004;Suzuki V-Strom 250;21900000;24;2;SI;no_informa;SI;Perdido
HX-00751;7/07/2026;WhatsApp;EMP-01;PV-003;Bajaj Pulsar NS 125;8990000;16;7;NO;contado;SI;Perdido
HX-00752;15/05/2026;Formulario Web;EMP-01;PV-004;Hero Hunk 160R;10490000;8;2;NO_INFORMA;credito;NO;Perdido
HX-00753;20/06/2026;Meta Ads;EMP-02;PV-006;Suzuki V-Strom 250;21900000;16;4;SI;credito;NO;Perdido
HX-00754;28/07/2026;WhatsApp;EMP-02;PV-009;Hero Xpulse 200;14990000;48;1;SI;contado;NO;Perdido
HX-00755;10/06/2026;WhatsApp;EMP-02;PV-009;AKT Evo RS 150;7190000;0.5;7;SI;credito;NO;Cerrado
HX-00756;23/05/2026;WhatsApp;EMP-03;PV-013;AKT Dynamic R3 125;5590000;24;5;NO_INFORMA;credito;SI;Perdido
HX-00757;17/05/2026;Formulario Web;EMP-03;PV-012;Honda CB 125F Twister;7990000;1;6;SI;no_informa;NO;Perdido
HX-00758;12/07/2026;Meta Ads;EMP-03;PV-011;Bajaj Pulsar NS 125;8990000;8;7;NO_INFORMA;credito;NO;Perdido
HX-00759;3/05/2026;Meta Ads;EMP-03;PV-015;Bajaj Dominar 400;24900000;0.5;5;NO;credito;NO;Perdido
HX-00760;18/03/2026;Formulario Web;EMP-03;PV-014;AKT Dynamic R3 125;5590000;16;5;SI;credito;NO;Perdido
HX-00761;1/06/2026;Formulario Web;EMP-02;PV-009;Hero Hunk 160R;10490000;1;2;SI;credito;NO;Cerrado
HX-00762;4/06/2026;Meta Ads;EMP-02;PV-006;AKT Dynamic R3 125;5590000;2;7;SI;no_informa;SI;Perdido
HX-00763;15/03/2026;WhatsApp;EMP-03;PV-012;AKT Dynamic R3 125;5590000;4;2;SI;credito;NO;Perdido
HX-00764;22/03/2026;WhatsApp;EMP-01;PV-005;AKT Dynamic R3 125;5590000;;0;NO_INFORMA;contado;SI;Sin gestión
HX-00765;17/06/2026;WhatsApp;EMP-03;PV-015;Hero Xpulse 200;14990000;16;1;NO_INFORMA;credito;SI;Perdido
HX-00766;20/04/2026;Meta Ads;EMP-03;PV-013;Bajaj Dominar 400;24900000;72;5;NO;credito;NO;Perdido
HX-00767;27/07/2026;Meta Ads;EMP-02;PV-007;AKT TTR 200;9890000;120;3;NO;credito;NO;Perdido
HX-00768;7/06/2026;WhatsApp;EMP-03;PV-011;Suzuki Gixxer 150;11990000;2;2;NO;credito;NO;Perdido
HX-00769;5/03/2026;WhatsApp;EMP-01;PV-002;Bajaj Pulsar RS 200;15490000;1;3;SI;contado;NO;Perdido
HX-00770;8/06/2026;WhatsApp;EMP-02;PV-010;Honda CB 190R;13990000;;0;NO;contado;NO;Sin gestión
HX-00771;5/05/2026;Meta Ads;EMP-01;PV-001;Honda Dio 110;6890000;8;5;NO_INFORMA;credito;NO;Perdido
HX-00772;5/05/2026;WhatsApp;EMP-01;PV-004;AKT Evo RS 150;7190000;1;2;NO;credito;NO;Perdido
HX-00773;18/06/2026;Formulario Web;EMP-01;PV-001;AKT Evo RS 150;7190000;1;1;SI;credito;NO;Perdido
HX-00774;7/04/2026;Formulario Web;EMP-01;PV-005;Bajaj Pulsar NS 125;8990000;2;6;SI;credito;NO;Perdido
HX-00775;12/05/2026;WhatsApp;EMP-01;PV-001;Honda XR 150L;11490000;16;5;SI;no_informa;NO;Cerrado
HX-00776;1/04/2026;WhatsApp;EMP-03;PV-014;Honda CB 190R;13990000;;0;NO_INFORMA;credito;NO;Sin gestión
HX-00777;21/05/2026;WhatsApp;EMP-03;PV-013;Honda CB 125F Twister;7990000;4;2;NO;no_informa;SI;Cerrado
HX-00778;17/05/2026;Meta Ads;EMP-02;PV-006;Bajaj Pulsar RS 200;15490000;120;2;NO_INFORMA;credito;NO;Perdido
HX-00779;20/03/2026;WhatsApp;EMP-02;PV-008;Hero Xpulse 200;14990000;4;2;SI;credito;SI;Perdido
HX-00780;23/07/2026;WhatsApp;EMP-02;PV-008;AKT NKD 125;5290000;2;3;NO;credito;SI;Perdido
HX-00781;7/06/2026;WhatsApp;EMP-03;PV-014;Hero Xpulse 200;14990000;1;7;NO;credito;NO;Perdido
HX-00782;12/05/2026;WhatsApp;EMP-01;PV-001;Bajaj Pulsar NS 125;8990000;120;5;NO;credito;SI;Perdido
HX-00783;3/04/2026;WhatsApp;EMP-02;PV-009;Honda CB 125F Twister;7990000;24;6;NO;no_informa;NO;Perdido
HX-00784;15/04/2026;WhatsApp;EMP-01;PV-002;Hero Hunk 160R;10490000;8;1;SI;credito;NO;Cerrado
HX-00785;22/06/2026;Meta Ads;EMP-02;PV-008;Honda CB 125F Twister;7990000;4;7;SI;contado;SI;Perdido
HX-00786;1/05/2026;Formulario Web;EMP-03;PV-015;Bajaj Discover 125;6990000;120;6;NO;no_informa;NO;Perdido
HX-00787;21/03/2026;WhatsApp;EMP-02;PV-010;Suzuki GN 125;7490000;16;1;SI;credito;SI;Perdido
HX-00788;15/07/2026;Meta Ads;EMP-03;PV-014;Honda CB 125F Twister;7990000;24;3;NO_INFORMA;credito;NO;Perdido
HX-00789;12/03/2026;WhatsApp;EMP-03;PV-015;Hero Eco Deluxe 100;4990000;24;1;SI;credito;NO;Perdido
HX-00790;22/04/2026;Formulario Web;EMP-03;PV-012;AKT TTR 200;9890000;48;6;SI;credito;SI;Perdido
HX-00791;28/03/2026;WhatsApp;EMP-03;PV-015;Suzuki GN 125;7490000;16;7;NO;contado;NO;Perdido
HX-00792;18/06/2026;WhatsApp;EMP-02;PV-006;Bajaj Pulsar NS 125;8990000;24;5;SI;contado;SI;Cerrado
HX-00793;9/03/2026;WhatsApp;EMP-01;PV-005;AKT NKD 125;5290000;4;7;SI;no_informa;SI;Perdido
HX-00794;3/06/2026;Meta Ads;EMP-01;PV-001;Honda XRE 300;22900000;4;2;NO;no_informa;NO;Perdido
HX-00795;20/07/2026;WhatsApp;EMP-02;PV-008;Hero Eco Deluxe 100;4990000;16;3;NO_INFORMA;credito;NO;Cerrado
HX-00796;1/04/2026;Formulario Web;EMP-02;PV-009;Honda XR 150L;11490000;48;6;SI;credito;SI;Perdido
HX-00797;29/05/2026;WhatsApp;EMP-01;PV-002;Suzuki GN 125;7490000;48;2;NO_INFORMA;contado;NO;Perdido
HX-00798;2/03/2026;Formulario Web;EMP-03;PV-014;Bajaj Pulsar NS 125;8990000;0.5;1;NO;credito;NO;Perdido
HX-00799;17/05/2026;WhatsApp;EMP-01;PV-002;Honda CB 125F Twister;7990000;2;4;NO_INFORMA;credito;SI;Perdido
HX-00800;27/04/2026;Formulario Web;EMP-03;PV-013;Bajaj Discover 125;6990000;4;6;NO;credito;SI;Perdido
HX-00801;27/07/2026;WhatsApp;EMP-03;PV-015;Bajaj Pulsar NS 160;11290000;48;2;SI;contado;NO;Perdido
HX-00802;6/07/2026;Meta Ads;EMP-01;PV-005;Hero Xpulse 200;14990000;72;5;NO;credito;NO;Perdido
HX-00803;28/04/2026;Formulario Web;EMP-01;PV-004;Suzuki Best 125;6590000;24;1;SI;credito;NO;Perdido
HX-00804;2/04/2026;Meta Ads;EMP-01;PV-005;AKT Evo RS 150;7190000;2;7;NO_INFORMA;contado;NO;Perdido
HX-00805;2/07/2026;WhatsApp;EMP-02;PV-006;Hero Eco Deluxe 100;4990000;16;6;NO_INFORMA;credito;SI;Perdido
HX-00806;9/05/2026;WhatsApp;EMP-02;PV-007;Hero Xpulse 200;14990000;0.5;3;NO;credito;NO;Cerrado
HX-00807;26/04/2026;WhatsApp;EMP-03;PV-014;Hero Hunk 160R;10490000;8;6;SI;contado;SI;Perdido
HX-00808;1/06/2026;Formulario Web;EMP-02;PV-010;Honda Dio 110;6890000;0.5;3;NO;contado;NO;Perdido
HX-00809;5/07/2026;WhatsApp;EMP-01;PV-001;Honda CB 125F Twister;7990000;24;4;SI;credito;NO;Perdido
HX-00810;19/06/2026;WhatsApp;EMP-03;PV-014;Honda Dio 110;6890000;48;1;NO_INFORMA;no_informa;SI;Perdido
HX-00811;13/04/2026;WhatsApp;EMP-03;PV-014;Honda XRE 300;22900000;48;1;SI;contado;SI;Perdido
HX-00812;1/07/2026;WhatsApp;EMP-03;PV-012;Hero Eco Deluxe 100;4990000;4;1;NO;credito;NO;Perdido
HX-00813;21/06/2026;WhatsApp;EMP-03;PV-013;AKT Evo RS 150;7190000;48;2;SI;credito;NO;Perdido
HX-00814;14/07/2026;WhatsApp;EMP-01;PV-005;Hero Hunk 160R;10490000;1;4;NO;contado;NO;Cerrado
HX-00815;28/06/2026;Meta Ads;EMP-01;PV-003;Honda XRE 300;22900000;72;4;SI;contado;NO;Perdido
HX-00816;6/05/2026;WhatsApp;EMP-02;PV-009;Suzuki GN 125;7490000;0.5;3;NO_INFORMA;credito;NO;Perdido
HX-00817;28/07/2026;WhatsApp;EMP-02;PV-008;Suzuki Gixxer 150;11990000;48;5;NO;credito;SI;Perdido
HX-00818;21/07/2026;Meta Ads;EMP-03;PV-012;Honda CB 125F Twister;7990000;120;2;SI;credito;SI;Perdido
HX-00819;21/04/2026;Meta Ads;EMP-01;PV-002;AKT TTR 200;9890000;48;4;NO;credito;SI;Perdido
HX-00820;5/06/2026;Meta Ads;EMP-01;PV-003;Bajaj Boxer CT 100;5790000;2;6;NO;credito;NO;Perdido
HX-00821;28/06/2026;WhatsApp;EMP-03;PV-012;Honda XR 150L;11490000;72;4;NO;credito;NO;Perdido
HX-00822;12/05/2026;WhatsApp;EMP-02;PV-009;AKT NKD 125;5290000;48;6;NO_INFORMA;credito;NO;Perdido
HX-00823;9/06/2026;Formulario Web;EMP-02;PV-006;Suzuki Gixxer 150;11990000;2;6;SI;contado;SI;Perdido
HX-00824;16/04/2026;WhatsApp;EMP-03;PV-012;Suzuki V-Strom 250;21900000;4;3;NO;credito;NO;Cerrado
HX-00825;19/03/2026;WhatsApp;EMP-01;PV-002;Suzuki V-Strom 250;21900000;;0;NO_INFORMA;contado;NO;Sin gestión
HX-00826;25/04/2026;WhatsApp;EMP-01;PV-002;Hero Dash 110;6290000;4;6;NO_INFORMA;credito;NO;Perdido
HX-00827;9/05/2026;Meta Ads;EMP-01;PV-005;Hero Dash 110;6290000;24;7;NO_INFORMA;contado;NO;Perdido
HX-00828;30/06/2026;Meta Ads;EMP-01;PV-001;Honda CB 125F Twister;7990000;72;3;NO_INFORMA;credito;NO;Perdido
HX-00829;21/06/2026;Formulario Web;EMP-03;PV-011;Bajaj Pulsar RS 200;15490000;72;6;SI;credito;NO;Perdido
HX-00830;8/07/2026;Meta Ads;EMP-03;PV-014;Bajaj Dominar 400;24900000;2;5;SI;credito;SI;Perdido
HX-00831;29/03/2026;WhatsApp;EMP-01;PV-001;Suzuki GN 125;7490000;120;7;NO;credito;SI;Perdido
HX-00832;21/03/2026;WhatsApp;EMP-01;PV-004;Suzuki Best 125;6590000;1;3;SI;credito;SI;Perdido
HX-00833;19/04/2026;WhatsApp;EMP-03;PV-012;Bajaj Discover 125;6990000;24;3;SI;credito;NO;Perdido
HX-00834;1/07/2026;Meta Ads;EMP-03;PV-015;Hero Dash 110;6290000;120;7;SI;contado;NO;Perdido
HX-00835;5/05/2026;WhatsApp;EMP-02;PV-008;Bajaj Pulsar RS 200;15490000;8;3;SI;credito;NO;Cerrado
HX-00836;24/03/2026;Formulario Web;EMP-03;PV-011;AKT TTR 200;9890000;24;5;NO;credito;NO;Perdido
HX-00837;24/04/2026;WhatsApp;EMP-03;PV-011;AKT TTR 200;9890000;48;3;NO_INFORMA;credito;NO;Perdido
HX-00838;17/06/2026;WhatsApp;EMP-01;PV-001;Suzuki Best 125;6590000;72;1;NO;credito;SI;Cerrado
HX-00839;14/04/2026;WhatsApp;EMP-02;PV-009;AKT TTR 200;9890000;24;7;NO_INFORMA;credito;NO;Perdido
HX-00840;19/06/2026;Meta Ads;EMP-02;PV-006;AKT Dynamic R3 125;5590000;48;5;SI;credito;NO;Perdido
HX-00841;7/04/2026;Meta Ads;EMP-03;PV-012;Honda CB 190R;13990000;1;1;SI;no_informa;SI;Perdido
HX-00842;20/03/2026;WhatsApp;EMP-03;PV-011;AKT TTR 200;9890000;48;1;SI;credito;SI;Perdido
HX-00843;17/05/2026;WhatsApp;EMP-01;PV-004;Hero Hunk 160R;10490000;16;4;SI;no_informa;NO;Perdido
HX-00844;5/05/2026;WhatsApp;EMP-01;PV-005;Honda Dio 110;6890000;24;3;NO_INFORMA;no_informa;SI;Perdido
HX-00845;2/04/2026;WhatsApp;EMP-02;PV-009;AKT Evo RS 150;7190000;2;5;SI;credito;SI;Cerrado
HX-00846;14/05/2026;WhatsApp;EMP-03;PV-013;Honda XR 150L;11490000;4;1;SI;no_informa;NO;Perdido
HX-00847;27/07/2026;Meta Ads;EMP-01;PV-003;AKT Evo RS 150;7190000;48;1;NO;credito;NO;Perdido
HX-00848;7/06/2026;Meta Ads;EMP-02;PV-007;Bajaj Dominar 400;24900000;2;2;SI;no_informa;NO;Perdido
HX-00849;23/03/2026;WhatsApp;EMP-02;PV-010;Honda Navi;7290000;24;6;SI;credito;NO;Perdido
HX-00850;19/06/2026;WhatsApp;EMP-01;PV-005;Bajaj Pulsar NS 125;8990000;120;1;NO_INFORMA;contado;NO;Perdido
HX-00851;14/03/2026;WhatsApp;EMP-02;PV-009;Honda Navi;7290000;1;2;NO;credito;SI;Perdido
HX-00852;5/07/2026;Formulario Web;EMP-01;PV-002;AKT Dynamic R3 125;5590000;4;2;NO;contado;NO;Perdido
HX-00853;11/03/2026;WhatsApp;EMP-01;PV-002;Bajaj Dominar 400;24900000;1;5;NO_INFORMA;credito;SI;Perdido
HX-00854;25/03/2026;Meta Ads;EMP-01;PV-003;Bajaj Pulsar NS 125;8990000;16;7;SI;contado;NO;Perdido
HX-00855;28/05/2026;WhatsApp;EMP-01;PV-001;Honda CB 190R;13990000;16;6;NO;contado;NO;Perdido
HX-00856;21/03/2026;WhatsApp;EMP-01;PV-004;Suzuki V-Strom 250;21900000;48;7;NO;no_informa;NO;Perdido
HX-00857;6/05/2026;Formulario Web;EMP-02;PV-010;Bajaj Pulsar NS 125;8990000;4;5;NO;credito;SI;Perdido
HX-00858;20/07/2026;WhatsApp;EMP-01;PV-005;Bajaj Dominar 400;24900000;48;4;NO;credito;NO;Perdido
HX-00859;20/06/2026;Meta Ads;EMP-02;PV-009;Honda XR 150L;11490000;1;3;NO;credito;SI;Perdido
HX-00860;10/06/2026;WhatsApp;EMP-03;PV-011;Suzuki Gixxer 150;11990000;48;1;NO_INFORMA;credito;NO;Perdido
HX-00861;23/03/2026;WhatsApp;EMP-02;PV-008;Bajaj Discover 125;6990000;;0;NO_INFORMA;no_informa;SI;Sin gestión
HX-00862;13/04/2026;Meta Ads;EMP-02;PV-008;Honda XRE 300;22900000;4;6;NO;contado;SI;Cerrado
HX-00863;28/07/2026;Formulario Web;EMP-03;PV-015;Honda Navi;7290000;16;5;SI;credito;NO;Perdido
HX-00864;8/03/2026;WhatsApp;EMP-02;PV-010;Honda Dio 110;6890000;2;2;NO;credito;NO;Perdido
HX-00865;14/04/2026;WhatsApp;EMP-01;PV-001;Hero Hunk 160R;10490000;1;1;NO;credito;NO;Perdido
HX-00866;17/05/2026;WhatsApp;EMP-01;PV-004;AKT Dynamic R3 125;5590000;1;5;SI;credito;NO;Cerrado
HX-00867;28/04/2026;Meta Ads;EMP-03;PV-013;Bajaj Pulsar NS 160;11290000;8;4;NO_INFORMA;contado;NO;Perdido
HX-00868;4/05/2026;WhatsApp;EMP-02;PV-009;AKT NKD 125;5290000;1;6;NO_INFORMA;credito;NO;Perdido
HX-00869;7/05/2026;WhatsApp;EMP-03;PV-013;Suzuki Gixxer 150;11990000;;0;NO;no_informa;NO;Sin gestión
HX-00870;8/06/2026;Meta Ads;EMP-03;PV-011;Bajaj Pulsar NS 125;8990000;4;5;SI;no_informa;NO;Perdido
HX-00871;24/03/2026;Meta Ads;EMP-01;PV-001;Hero Xpulse 200;14990000;0.5;5;NO_INFORMA;credito;SI;Perdido
HX-00872;14/04/2026;Meta Ads;EMP-02;PV-008;Honda CB 125F Twister;7990000;120;4;NO;no_informa;NO;Perdido
HX-00873;6/04/2026;WhatsApp;EMP-02;PV-009;Honda CB 190R;13990000;120;6;SI;credito;NO;Perdido
HX-00874;21/04/2026;Formulario Web;EMP-02;PV-008;Honda XR 150L;11490000;;0;NO_INFORMA;credito;NO;Sin gestión
HX-00875;26/04/2026;WhatsApp;EMP-02;PV-008;Honda CB 190R;13990000;1;1;SI;credito;NO;Perdido
HX-00876;15/03/2026;WhatsApp;EMP-03;PV-014;Bajaj Discover 125;6990000;4;4;NO;credito;NO;Cerrado
HX-00877;12/07/2026;WhatsApp;EMP-03;PV-014;Honda Dio 110;6890000;48;4;NO_INFORMA;credito;SI;Perdido
HX-00878;19/04/2026;WhatsApp;EMP-03;PV-011;Honda Dio 110;6890000;16;3;SI;credito;SI;Perdido
HX-00879;23/06/2026;WhatsApp;EMP-02;PV-010;Suzuki Best 125;6590000;120;7;SI;no_informa;NO;Cerrado
HX-00880;28/03/2026;WhatsApp;EMP-01;PV-005;AKT Evo RS 150;7190000;120;1;SI;credito;SI;Perdido
HX-00881;9/03/2026;Formulario Web;EMP-01;PV-002;Honda Navi;7290000;0.5;6;NO_INFORMA;contado;NO;Cerrado
HX-00882;1/06/2026;WhatsApp;EMP-03;PV-015;Bajaj Dominar 400;24900000;24;4;NO_INFORMA;credito;SI;Perdido
HX-00883;16/04/2026;WhatsApp;EMP-03;PV-015;Bajaj Pulsar NS 160;11290000;48;5;NO_INFORMA;contado;NO;Perdido
HX-00884;23/06/2026;WhatsApp;EMP-01;PV-005;Hero Xpulse 200;14990000;48;6;SI;contado;SI;Cerrado
HX-00885;28/07/2026;Formulario Web;EMP-02;PV-009;Hero Dash 110;6290000;1;5;NO;credito;NO;Perdido
HX-00886;18/06/2026;WhatsApp;EMP-01;PV-005;Honda CB 190R;13990000;0.5;6;NO;credito;NO;Perdido
HX-00887;14/03/2026;Meta Ads;EMP-02;PV-008;AKT NKD 125;5290000;2;2;NO_INFORMA;no_informa;SI;Perdido
HX-00888;1/05/2026;WhatsApp;EMP-01;PV-005;Honda CB 125F Twister;7990000;24;6;NO;no_informa;SI;Perdido
HX-00889;29/05/2026;Meta Ads;EMP-01;PV-001;Bajaj Dominar 400;24900000;24;6;NO;credito;NO;Cerrado
HX-00890;8/03/2026;Meta Ads;EMP-02;PV-006;Hero Dash 110;6290000;48;2;NO_INFORMA;contado;NO;Perdido
HX-00891;2/03/2026;Formulario Web;EMP-01;PV-001;AKT TTR 200;9890000;48;6;SI;contado;SI;Cerrado
HX-00892;4/05/2026;WhatsApp;EMP-02;PV-008;Bajaj Pulsar RS 200;15490000;2;3;SI;no_informa;NO;Perdido
HX-00893;13/07/2026;WhatsApp;EMP-02;PV-007;Honda CB 125F Twister;7990000;8;1;NO;no_informa;NO;Perdido
HX-00894;14/06/2026;WhatsApp;EMP-02;PV-008;Bajaj Pulsar NS 160;11290000;48;7;NO;no_informa;NO;Perdido
HX-00895;27/07/2026;Meta Ads;EMP-03;PV-014;Honda XR 150L;11490000;1;4;SI;contado;SI;Perdido
HX-00896;12/05/2026;Meta Ads;EMP-03;PV-013;Honda XR 150L;11490000;4;3;NO_INFORMA;credito;NO;Perdido
HX-00897;26/07/2026;WhatsApp;EMP-01;PV-005;Bajaj Pulsar NS 125;8990000;72;2;NO_INFORMA;credito;NO;Perdido
HX-00898;31/05/2026;Formulario Web;EMP-02;PV-007;Bajaj Pulsar RS 200;15490000;2;6;SI;no_informa;NO;Perdido
HX-00899;9/03/2026;Formulario Web;EMP-01;PV-004;Honda CB 190R;13990000;24;7;SI;credito;NO;Perdido
HX-00900;18/03/2026;Meta Ads;EMP-03;PV-013;Hero Xpulse 200;14990000;16;5;NO;no_informa;SI;Cerrado
HX-00901;19/07/2026;Formulario Web;EMP-02;PV-006;Bajaj Dominar 400;24900000;120;2;SI;credito;SI;Perdido
HX-00902;19/04/2026;Formulario Web;EMP-03;PV-013;AKT Evo RS 150;7190000;72;6;SI;no_informa;SI;Perdido
HX-00903;23/04/2026;WhatsApp;EMP-03;PV-012;Honda XRE 300;22900000;72;7;SI;credito;NO;Perdido
HX-00904;22/07/2026;Meta Ads;EMP-01;PV-003;Hero Xpulse 200;14990000;2;2;NO;credito;NO;Perdido
HX-00905;2/03/2026;Meta Ads;EMP-01;PV-001;Bajaj Dominar 400;24900000;;0;SI;credito;SI;Sin gestión
HX-00906;13/03/2026;WhatsApp;EMP-01;PV-001;AKT NKD 125;5290000;48;1;SI;credito;NO;Perdido
HX-00907;2/06/2026;Meta Ads;EMP-02;PV-007;Honda CB 190R;13990000;;0;NO;credito;NO;Sin gestión
HX-00908;23/04/2026;WhatsApp;EMP-03;PV-011;Honda XR 150L;11490000;2;3;NO;no_informa;NO;Perdido
HX-00909;23/05/2026;Formulario Web;EMP-03;PV-012;Bajaj Pulsar RS 200;15490000;48;5;SI;credito;SI;Perdido
HX-00910;24/03/2026;Meta Ads;EMP-01;PV-002;Bajaj Pulsar NS 160;11290000;1;3;SI;credito;SI;Perdido
HX-00911;10/04/2026;Meta Ads;EMP-01;PV-004;AKT NKD 125;5290000;48;7;SI;credito;SI;Cerrado
HX-00912;31/03/2026;WhatsApp;EMP-03;PV-014;AKT TTR 200;9890000;1;4;NO_INFORMA;credito;NO;Perdido
HX-00913;30/05/2026;WhatsApp;EMP-02;PV-007;Suzuki Gixxer 150;11990000;2;5;NO_INFORMA;contado;NO;Perdido
HX-00914;14/05/2026;Meta Ads;EMP-01;PV-005;AKT Evo RS 150;7190000;2;2;NO_INFORMA;credito;NO;Perdido
HX-00915;15/06/2026;Meta Ads;EMP-01;PV-002;Hero Eco Deluxe 100;4990000;120;6;NO_INFORMA;contado;NO;Cerrado
HX-00916;14/03/2026;Meta Ads;EMP-01;PV-001;Honda Navi;7290000;48;3;NO;credito;NO;Perdido
HX-00917;20/07/2026;WhatsApp;EMP-03;PV-012;Honda Navi;7290000;120;1;SI;contado;SI;Perdido
HX-00918;21/06/2026;WhatsApp;EMP-01;PV-004;Bajaj Pulsar NS 160;11290000;2;1;SI;credito;SI;Perdido
HX-00919;5/07/2026;Meta Ads;EMP-02;PV-007;Bajaj Boxer CT 100;5790000;72;6;NO_INFORMA;credito;NO;Perdido
HX-00920;20/04/2026;Formulario Web;EMP-03;PV-013;Honda Dio 110;6890000;0.5;2;NO_INFORMA;credito;NO;Perdido
HX-00921;31/03/2026;Formulario Web;EMP-03;PV-015;Honda CB 125F Twister;7990000;72;1;NO_INFORMA;credito;SI;Perdido
HX-00922;4/05/2026;WhatsApp;EMP-02;PV-010;Bajaj Boxer CT 100;5790000;72;5;NO_INFORMA;credito;SI;Perdido
HX-00923;18/06/2026;Formulario Web;EMP-02;PV-006;Honda Dio 110;6890000;;0;SI;no_informa;NO;Sin gestión
HX-00924;22/04/2026;Meta Ads;EMP-02;PV-010;Honda XR 150L;11490000;4;6;SI;credito;NO;Perdido
HX-00925;11/04/2026;WhatsApp;EMP-01;PV-005;Honda XRE 300;22900000;;0;NO;credito;NO;Sin gestión
HX-00926;20/03/2026;Meta Ads;EMP-01;PV-005;AKT Dynamic R3 125;5590000;1;3;SI;credito;SI;Perdido
HX-00927;19/07/2026;WhatsApp;EMP-01;PV-004;Honda CB 190R;13990000;;0;SI;contado;NO;Sin gestión
HX-00928;24/03/2026;Meta Ads;EMP-01;PV-004;Hero Dash 110;6290000;8;4;SI;credito;NO;Perdido
HX-00929;7/04/2026;WhatsApp;EMP-03;PV-011;Honda Navi;7290000;4;7;NO;credito;NO;Perdido
HX-00930;27/05/2026;WhatsApp;EMP-01;PV-003;Bajaj Pulsar NS 125;8990000;4;5;SI;credito;SI;Cerrado
HX-00931;16/03/2026;WhatsApp;EMP-03;PV-013;Hero Eco Deluxe 100;4990000;8;6;NO;contado;NO;Perdido
HX-00932;15/04/2026;Formulario Web;EMP-03;PV-012;AKT TTR 200;9890000;4;6;NO;credito;NO;Perdido
HX-00933;7/07/2026;WhatsApp;EMP-03;PV-014;Honda Dio 110;6890000;4;2;NO_INFORMA;no_informa;NO;Perdido
HX-00934;9/06/2026;WhatsApp;EMP-01;PV-004;Honda CB 190R;13990000;1;7;NO_INFORMA;credito;NO;Perdido
HX-00935;3/03/2026;Meta Ads;EMP-03;PV-012;Hero Hunk 160R;10490000;2;1;SI;credito;NO;Perdido
HX-00936;30/05/2026;Meta Ads;EMP-03;PV-013;Honda XR 150L;11490000;1;6;NO_INFORMA;no_informa;NO;Perdido
HX-00937;27/03/2026;WhatsApp;EMP-02;PV-010;AKT TTR 200;9890000;4;5;SI;no_informa;NO;Perdido
HX-00938;26/05/2026;WhatsApp;EMP-03;PV-015;AKT Dynamic R3 125;5590000;;0;SI;credito;NO;Sin gestión
HX-00939;15/07/2026;WhatsApp;EMP-01;PV-001;Bajaj Pulsar RS 200;15490000;0.5;7;SI;contado;SI;Cerrado
HX-00940;25/06/2026;WhatsApp;EMP-03;PV-014;Bajaj Boxer CT 100;5790000;1;6;NO;no_informa;SI;Perdido
HX-00941;20/05/2026;WhatsApp;EMP-02;PV-010;Bajaj Dominar 400;24900000;48;1;NO;contado;NO;Cerrado
HX-00942;18/06/2026;WhatsApp;EMP-02;PV-008;Suzuki Best 125;6590000;;0;SI;credito;SI;Sin gestión
HX-00943;24/03/2026;WhatsApp;EMP-03;PV-012;Bajaj Pulsar NS 160;11290000;48;7;NO;no_informa;NO;Perdido
HX-00944;7/04/2026;Meta Ads;EMP-02;PV-009;Bajaj Boxer CT 100;5790000;24;3;SI;credito;NO;Perdido
HX-00945;10/07/2026;WhatsApp;EMP-02;PV-009;Bajaj Pulsar NS 125;8990000;2;5;SI;no_informa;NO;Cerrado
HX-00946;15/05/2026;Meta Ads;EMP-03;PV-012;Bajaj Pulsar NS 160;11290000;4;3;NO_INFORMA;credito;NO;Perdido
HX-00947;13/05/2026;WhatsApp;EMP-03;PV-012;Honda Dio 110;6890000;2;5;NO;credito;NO;Perdido
HX-00948;18/05/2026;Formulario Web;EMP-02;PV-010;AKT NKD 125;5290000;;0;NO;credito;NO;Sin gestión
HX-00949;18/04/2026;WhatsApp;EMP-03;PV-012;Honda CB 125F Twister;7990000;4;6;NO_INFORMA;credito;NO;Perdido
HX-00950;26/07/2026;WhatsApp;EMP-02;PV-008;Bajaj Boxer CT 100;5790000;2;3;SI;no_informa;SI;Perdido
HX-00951;28/05/2026;WhatsApp;EMP-02;PV-006;AKT Dynamic R3 125;5590000;4;5;SI;credito;SI;Perdido
HX-00952;1/06/2026;Meta Ads;EMP-03;PV-014;Suzuki GN 125;7490000;48;1;NO_INFORMA;no_informa;NO;Perdido
HX-00953;3/03/2026;Meta Ads;EMP-01;PV-001;AKT Dynamic R3 125;5590000;48;5;NO;credito;SI;Perdido
HX-00954;20/06/2026;WhatsApp;EMP-01;PV-002;Honda Navi;7290000;4;1;NO_INFORMA;no_informa;NO;Perdido
HX-00955;11/03/2026;WhatsApp;EMP-01;PV-005;Suzuki V-Strom 250;21900000;4;5;SI;no_informa;NO;Perdido
HX-00956;30/06/2026;Meta Ads;EMP-03;PV-012;AKT Evo RS 150;7190000;;0;NO;no_informa;SI;Sin gestión
HX-00957;15/03/2026;Meta Ads;EMP-02;PV-009;Bajaj Dominar 400;24900000;48;7;SI;credito;NO;Perdido
HX-00958;2/04/2026;Formulario Web;EMP-01;PV-003;Hero Hunk 160R;10490000;2;2;NO;no_informa;NO;Perdido
HX-00959;7/04/2026;WhatsApp;EMP-01;PV-001;Suzuki GN 125;7490000;48;3;SI;credito;NO;Cerrado
HX-00960;17/07/2026;Formulario Web;EMP-02;PV-007;AKT NKD 125;5290000;8;7;SI;no_informa;NO;Perdido
HX-00961;24/06/2026;WhatsApp;EMP-02;PV-007;Honda CB 125F Twister;7990000;8;4;SI;no_informa;SI;Perdido
HX-00962;18/04/2026;WhatsApp;EMP-03;PV-014;Bajaj Pulsar RS 200;15490000;;0;SI;no_informa;NO;Sin gestión
HX-00963;15/05/2026;Meta Ads;EMP-02;PV-010;AKT NKD 125;5290000;24;6;SI;no_informa;NO;Perdido
HX-00964;3/06/2026;Meta Ads;EMP-01;PV-002;Bajaj Boxer CT 100;5790000;120;6;NO_INFORMA;contado;NO;Perdido
HX-00965;15/04/2026;WhatsApp;EMP-02;PV-008;AKT TTR 200;9890000;8;7;SI;credito;SI;Perdido
HX-00966;7/05/2026;Formulario Web;EMP-03;PV-012;Honda Dio 110;6890000;16;5;NO;credito;NO;Perdido
HX-00967;14/06/2026;WhatsApp;EMP-02;PV-008;Bajaj Boxer CT 100;5790000;2;7;SI;credito;NO;Cerrado
HX-00968;10/06/2026;Meta Ads;EMP-02;PV-006;Bajaj Pulsar NS 125;8990000;8;2;SI;credito;SI;Perdido
HX-00969;3/05/2026;Formulario Web;EMP-02;PV-010;AKT Evo RS 150;7190000;;0;SI;credito;NO;Sin gestión
HX-00970;11/07/2026;Meta Ads;EMP-02;PV-007;Hero Hunk 160R;10490000;48;1;NO_INFORMA;credito;NO;Perdido
HX-00971;29/03/2026;WhatsApp;EMP-03;PV-011;Hero Hunk 160R;10490000;72;5;NO;credito;NO;Perdido
HX-00972;24/05/2026;WhatsApp;EMP-02;PV-007;Bajaj Pulsar RS 200;15490000;4;5;SI;no_informa;SI;Perdido
HX-00973;7/06/2026;WhatsApp;EMP-02;PV-008;Suzuki Best 125;6590000;2;3;SI;credito;SI;Perdido
HX-00974;2/03/2026;WhatsApp;EMP-01;PV-003;Hero Dash 110;6290000;0.5;5;NO;credito;NO;Cerrado
HX-00975;25/07/2026;Meta Ads;EMP-02;PV-010;Suzuki GN 125;7490000;0.5;6;NO_INFORMA;credito;NO;Perdido
HX-00976;4/03/2026;WhatsApp;EMP-02;PV-009;Bajaj Pulsar NS 125;8990000;;0;NO_INFORMA;credito;NO;Sin gestión
HX-00977;23/04/2026;Meta Ads;EMP-02;PV-010;Hero Hunk 160R;10490000;48;3;NO_INFORMA;credito;NO;Perdido
HX-00978;26/04/2026;Meta Ads;EMP-01;PV-005;Honda Dio 110;6890000;2;4;NO_INFORMA;credito;NO;Cerrado
HX-00979;23/05/2026;Meta Ads;EMP-02;PV-007;Hero Eco Deluxe 100;4990000;8;2;SI;contado;NO;Perdido
HX-00980;30/03/2026;WhatsApp;EMP-02;PV-010;Suzuki Best 125;6590000;2;2;NO;no_informa;SI;Perdido
HX-00981;3/07/2026;Formulario Web;EMP-03;PV-011;Hero Xpulse 200;14990000;2;2;NO;credito;NO;Perdido
HX-00982;13/04/2026;WhatsApp;EMP-01;PV-005;Suzuki Gixxer 150;11990000;48;4;NO;no_informa;NO;Perdido
HX-00983;16/07/2026;Formulario Web;EMP-02;PV-009;AKT Evo RS 150;7190000;;0;NO;contado;NO;Sin gestión
HX-00984;21/03/2026;WhatsApp;EMP-02;PV-010;Bajaj Pulsar RS 200;15490000;2;7;NO_INFORMA;credito;NO;Perdido
HX-00985;5/04/2026;Meta Ads;EMP-03;PV-012;Honda XR 150L;11490000;4;6;NO;no_informa;NO;Perdido
HX-00986;27/07/2026;WhatsApp;EMP-01;PV-001;Honda CB 190R;13990000;24;3;NO_INFORMA;credito;SI;Perdido
HX-00987;13/03/2026;WhatsApp;EMP-01;PV-004;Hero Hunk 160R;10490000;1;5;SI;no_informa;SI;Cerrado
HX-00988;10/07/2026;Meta Ads;EMP-02;PV-007;AKT TTR 200;9890000;0.5;3;NO_INFORMA;credito;NO;Perdido
HX-00989;8/03/2026;WhatsApp;EMP-01;PV-001;Bajaj Pulsar NS 160;11290000;8;3;NO_INFORMA;credito;NO;Perdido
HX-00990;27/04/2026;WhatsApp;EMP-03;PV-014;Bajaj Dominar 400;24900000;16;1;NO;credito;SI;Perdido
HX-00991;9/07/2026;WhatsApp;EMP-01;PV-004;Suzuki GN 125;7490000;1;6;SI;credito;SI;Perdido
HX-00992;19/03/2026;WhatsApp;EMP-01;PV-005;Suzuki Gixxer 150;11990000;24;4;SI;credito;NO;Perdido
HX-00993;17/04/2026;Meta Ads;EMP-02;PV-008;Hero Xpulse 200;14990000;8;6;NO_INFORMA;no_informa;NO;Perdido
HX-00994;19/06/2026;Meta Ads;EMP-02;PV-008;Bajaj Boxer CT 100;5790000;24;7;NO;contado;SI;Perdido
HX-00995;15/07/2026;Meta Ads;EMP-03;PV-013;Honda XR 150L;11490000;8;6;NO;credito;SI;Cerrado
HX-00996;6/05/2026;WhatsApp;EMP-01;PV-003;AKT Dynamic R3 125;5590000;2;3;SI;no_informa;NO;Cerrado
HX-00997;8/07/2026;WhatsApp;EMP-03;PV-015;Hero Eco Deluxe 100;4990000;120;3;NO_INFORMA;credito;NO;Perdido
HX-00998;3/04/2026;Meta Ads;EMP-03;PV-013;Hero Xpulse 200;14990000;24;3;NO;no_informa;SI;Perdido
HX-00999;15/04/2026;WhatsApp;EMP-03;PV-013;Hero Eco Deluxe 100;4990000;8;7;NO;credito;NO;Perdido
HX-01000;14/03/2026;WhatsApp;EMP-01;PV-002;Hero Dash 110;6290000;48;5;SI;credito;NO;Perdido
HX-01001;7/05/2026;WhatsApp;EMP-03;PV-012;AKT Dynamic R3 125;5590000;4;1;NO;credito;NO;Perdido
HX-01002;16/05/2026;Meta Ads;EMP-03;PV-013;Bajaj Pulsar RS 200;15490000;16;4;NO_INFORMA;credito;NO;Perdido
HX-01003;30/04/2026;WhatsApp;EMP-03;PV-015;Hero Eco Deluxe 100;4990000;24;2;NO;credito;NO;Perdido
HX-01004;27/06/2026;Meta Ads;EMP-03;PV-011;Hero Xpulse 200;14990000;4;5;NO;credito;NO;Perdido
HX-01005;14/06/2026;Formulario Web;EMP-01;PV-003;Suzuki Best 125;6590000;;0;SI;contado;NO;Sin gestión
HX-01006;25/05/2026;WhatsApp;EMP-01;PV-005;Hero Eco Deluxe 100;4990000;1;3;NO_INFORMA;credito;SI;Perdido
HX-01007;3/06/2026;WhatsApp;EMP-01;PV-001;Honda XRE 300;22900000;0.5;1;NO_INFORMA;no_informa;NO;Perdido
HX-01008;19/04/2026;WhatsApp;EMP-03;PV-012;Bajaj Dominar 400;24900000;48;5;NO_INFORMA;no_informa;NO;Perdido
HX-01009;25/03/2026;WhatsApp;EMP-02;PV-010;Honda XRE 300;22900000;48;1;NO_INFORMA;credito;SI;Perdido
HX-01010;20/06/2026;WhatsApp;EMP-02;PV-006;Suzuki GN 125;7490000;48;5;NO_INFORMA;credito;SI;Perdido
HX-01011;28/06/2026;WhatsApp;EMP-03;PV-013;Hero Xpulse 200;14990000;48;5;SI;credito;SI;Perdido
HX-01012;2/04/2026;WhatsApp;EMP-02;PV-008;Hero Eco Deluxe 100;4990000;0.5;3;SI;contado;NO;Perdido
HX-01013;2/04/2026;Formulario Web;EMP-03;PV-015;AKT NKD 125;5290000;8;6;NO;no_informa;NO;Perdido
HX-01014;7/04/2026;WhatsApp;EMP-01;PV-002;Suzuki Best 125;6590000;24;7;SI;credito;SI;Perdido
HX-01015;26/06/2026;Meta Ads;EMP-03;PV-012;Suzuki GN 125;7490000;;0;NO_INFORMA;no_informa;SI;Sin gestión
HX-01016;27/06/2026;WhatsApp;EMP-01;PV-003;Honda Navi;7290000;4;5;SI;credito;SI;Perdido
HX-01017;30/06/2026;WhatsApp;EMP-03;PV-013;AKT Dynamic R3 125;5590000;48;3;SI;credito;NO;Perdido
HX-01018;18/06/2026;WhatsApp;EMP-03;PV-012;AKT Evo RS 150;7190000;4;2;NO;credito;NO;Perdido
HX-01019;28/04/2026;WhatsApp;EMP-03;PV-011;Hero Hunk 160R;10490000;1;1;NO;credito;SI;Perdido
HX-01020;24/04/2026;Formulario Web;EMP-01;PV-005;Hero Xpulse 200;14990000;16;6;NO_INFORMA;contado;NO;Perdido
HX-01021;10/03/2026;WhatsApp;EMP-03;PV-015;Hero Xpulse 200;14990000;8;5;NO;credito;NO;Perdido
HX-01022;15/03/2026;WhatsApp;EMP-02;PV-006;Bajaj Pulsar RS 200;15490000;24;3;SI;no_informa;SI;Perdido
HX-01023;17/07/2026;Meta Ads;EMP-03;PV-013;Hero Dash 110;6290000;2;3;NO_INFORMA;credito;SI;Perdido
HX-01024;19/07/2026;WhatsApp;EMP-01;PV-001;Hero Xpulse 200;14990000;8;6;SI;no_informa;NO;Cerrado
HX-01025;21/07/2026;WhatsApp;EMP-03;PV-011;Bajaj Boxer CT 100;5790000;120;4;SI;contado;SI;Perdido
HX-01026;28/03/2026;WhatsApp;EMP-02;PV-007;Suzuki Best 125;6590000;24;5;SI;credito;NO;Perdido
HX-01027;2/06/2026;Meta Ads;EMP-01;PV-005;Bajaj Pulsar RS 200;15490000;1;7;SI;credito;NO;Perdido
HX-01028;10/03/2026;WhatsApp;EMP-02;PV-009;Bajaj Discover 125;6990000;4;7;SI;credito;NO;Perdido
HX-01029;13/04/2026;Meta Ads;EMP-02;PV-007;Suzuki Best 125;6590000;48;3;SI;credito;SI;Perdido
HX-01030;20/03/2026;Formulario Web;EMP-03;PV-013;Honda XRE 300;22900000;24;6;SI;contado;SI;Perdido
HX-01031;26/07/2026;WhatsApp;EMP-01;PV-002;AKT TTR 200;9890000;0.5;6;NO;no_informa;SI;Cerrado
HX-01032;9/04/2026;WhatsApp;EMP-02;PV-006;Bajaj Discover 125;6990000;;0;SI;credito;NO;Sin gestión
HX-01033;22/06/2026;Meta Ads;EMP-02;PV-010;Hero Xpulse 200;14990000;2;7;NO_INFORMA;no_informa;SI;Perdido
HX-01034;30/05/2026;Meta Ads;EMP-03;PV-014;Bajaj Pulsar NS 125;8990000;1;5;NO_INFORMA;no_informa;NO;Perdido
HX-01035;20/04/2026;Meta Ads;EMP-03;PV-014;Suzuki GN 125;7490000;24;6;NO;contado;NO;Perdido
HX-01036;11/05/2026;Formulario Web;EMP-01;PV-005;AKT NKD 125;5290000;16;3;SI;contado;NO;Cerrado
HX-01037;5/05/2026;WhatsApp;EMP-01;PV-001;AKT NKD 125;5290000;2;2;NO;credito;NO;Perdido
HX-01038;26/04/2026;WhatsApp;EMP-01;PV-004;Bajaj Discover 125;6990000;48;4;NO;contado;NO;Perdido
HX-01039;8/05/2026;WhatsApp;EMP-02;PV-008;Bajaj Dominar 400;24900000;48;3;NO_INFORMA;contado;SI;Perdido
HX-01040;3/06/2026;Formulario Web;EMP-03;PV-013;Suzuki V-Strom 250;21900000;72;2;NO;credito;SI;Perdido
HX-01041;19/04/2026;Meta Ads;EMP-03;PV-014;Suzuki Best 125;6590000;2;1;NO;contado;NO;Perdido
HX-01042;28/06/2026;WhatsApp;EMP-01;PV-004;Bajaj Discover 125;6990000;48;7;SI;credito;NO;Perdido
HX-01043;13/04/2026;Formulario Web;EMP-03;PV-013;Honda CB 125F Twister;7990000;48;5;NO;contado;SI;Perdido
HX-01044;11/07/2026;WhatsApp;EMP-02;PV-010;Honda Dio 110;6890000;2;5;NO;credito;NO;Perdido
HX-01045;27/07/2026;WhatsApp;EMP-01;PV-002;Suzuki GN 125;7490000;4;2;NO;contado;NO;Perdido
HX-01046;8/04/2026;WhatsApp;EMP-02;PV-008;Honda XRE 300;22900000;4;4;NO;credito;NO;Perdido
HX-01047;4/07/2026;WhatsApp;EMP-02;PV-008;Suzuki V-Strom 250;21900000;24;2;SI;credito;NO;Perdido
HX-01048;1/07/2026;Meta Ads;EMP-02;PV-009;AKT NKD 125;5290000;16;4;NO;credito;NO;Perdido
HX-01049;20/03/2026;WhatsApp;EMP-01;PV-002;Bajaj Boxer CT 100;5790000;;0;NO;no_informa;NO;Sin gestión
HX-01050;29/03/2026;WhatsApp;EMP-01;PV-005;Hero Hunk 160R;10490000;24;7;SI;credito;NO;Perdido
HX-01051;27/05/2026;WhatsApp;EMP-03;PV-015;AKT TTR 200;9890000;72;6;NO_INFORMA;credito;NO;Perdido
HX-01052;30/04/2026;WhatsApp;EMP-03;PV-014;Honda CB 125F Twister;7990000;1;7;SI;credito;NO;Perdido
HX-01053;6/03/2026;Meta Ads;EMP-01;PV-004;Hero Hunk 160R;10490000;72;2;NO;credito;SI;Perdido
HX-01054;7/07/2026;Meta Ads;EMP-03;PV-012;Honda XR 150L;11490000;2;4;SI;credito;SI;Perdido
HX-01055;22/06/2026;WhatsApp;EMP-01;PV-004;Bajaj Pulsar RS 200;15490000;;0;NO_INFORMA;credito;NO;Sin gestión
HX-01056;9/06/2026;WhatsApp;EMP-01;PV-003;Bajaj Pulsar RS 200;15490000;72;5;SI;credito;NO;Perdido
HX-01057;9/03/2026;WhatsApp;EMP-02;PV-009;Bajaj Pulsar RS 200;15490000;2;5;SI;credito;NO;Perdido
HX-01058;20/06/2026;WhatsApp;EMP-03;PV-011;Honda XR 150L;11490000;8;2;NO_INFORMA;credito;NO;Perdido
HX-01059;17/07/2026;WhatsApp;EMP-02;PV-007;Hero Dash 110;6290000;4;2;SI;no_informa;NO;Perdido
HX-01060;18/05/2026;WhatsApp;EMP-01;PV-004;AKT Dynamic R3 125;5590000;16;6;SI;credito;SI;Perdido
HX-01061;16/03/2026;WhatsApp;EMP-03;PV-015;Suzuki Gixxer 150;11990000;16;7;NO;credito;SI;Perdido
HX-01062;26/04/2026;WhatsApp;EMP-03;PV-014;Bajaj Pulsar RS 200;15490000;48;1;NO;credito;SI;Perdido
HX-01063;30/05/2026;Meta Ads;EMP-01;PV-001;Honda XR 150L;11490000;8;7;NO_INFORMA;credito;NO;Perdido
HX-01064;2/04/2026;WhatsApp;EMP-02;PV-006;Honda Dio 110;6890000;8;4;NO;credito;NO;Perdido
HX-01065;6/04/2026;WhatsApp;EMP-02;PV-010;Honda CB 125F Twister;7990000;1;7;NO;no_informa;SI;Perdido
HX-01066;24/03/2026;Meta Ads;EMP-01;PV-002;Bajaj Pulsar RS 200;15490000;120;4;NO;credito;SI;Perdido
HX-01067;6/05/2026;Formulario Web;EMP-03;PV-012;Honda XRE 300;22900000;48;2;NO;contado;SI;Perdido
HX-01068;8/03/2026;Meta Ads;EMP-01;PV-001;Honda Navi;7290000;4;3;NO;contado;SI;Perdido
HX-01069;6/05/2026;WhatsApp;EMP-03;PV-012;AKT Evo RS 150;7190000;4;4;NO_INFORMA;credito;NO;Perdido
HX-01070;25/06/2026;WhatsApp;EMP-03;PV-013;AKT TTR 200;9890000;;0;NO_INFORMA;no_informa;NO;Sin gestión
HX-01071;1/04/2026;WhatsApp;EMP-03;PV-013;Bajaj Boxer CT 100;5790000;24;1;NO;credito;NO;Perdido
HX-01072;19/07/2026;WhatsApp;EMP-03;PV-013;Hero Xpulse 200;14990000;16;5;NO;contado;NO;Perdido
HX-01073;9/06/2026;WhatsApp;EMP-03;PV-015;Suzuki GN 125;7490000;1;7;SI;credito;SI;Perdido
HX-01074;20/06/2026;WhatsApp;EMP-01;PV-004;Honda XR 150L;11490000;72;2;NO;contado;NO;Perdido
HX-01075;20/03/2026;Meta Ads;EMP-03;PV-014;Hero Eco Deluxe 100;4990000;1;3;NO;credito;NO;Perdido
HX-01076;25/06/2026;WhatsApp;EMP-01;PV-005;AKT NKD 125;5290000;1;2;NO;credito;SI;Perdido
HX-01077;6/04/2026;WhatsApp;EMP-02;PV-008;AKT NKD 125;5290000;48;1;NO;no_informa;NO;Perdido
HX-01078;27/06/2026;WhatsApp;EMP-03;PV-012;Suzuki Gixxer 150;11990000;0.5;7;SI;credito;NO;Cerrado
HX-01079;25/04/2026;WhatsApp;EMP-03;PV-011;Hero Hunk 160R;10490000;24;4;NO;credito;NO;Perdido
HX-01080;6/03/2026;WhatsApp;EMP-01;PV-001;Honda XRE 300;22900000;;0;NO;credito;NO;Sin gestión
HX-01081;13/03/2026;Formulario Web;EMP-02;PV-010;Bajaj Boxer CT 100;5790000;;0;SI;no_informa;NO;Sin gestión
HX-01082;21/05/2026;WhatsApp;EMP-03;PV-011;Hero Eco Deluxe 100;4990000;72;7;NO;credito;NO;Perdido
HX-01083;1/04/2026;Formulario Web;EMP-02;PV-009;Bajaj Discover 125;6990000;48;4;NO_INFORMA;contado;SI;Perdido
HX-01084;17/07/2026;WhatsApp;EMP-01;PV-001;Honda Navi;7290000;8;6;NO;credito;NO;Perdido
HX-01085;7/04/2026;WhatsApp;EMP-03;PV-013;Honda XRE 300;22900000;2;2;NO;credito;SI;Perdido
HX-01086;8/07/2026;Meta Ads;EMP-01;PV-004;AKT NKD 125;5290000;24;7;SI;credito;NO;Perdido
HX-01087;15/07/2026;Meta Ads;EMP-01;PV-001;AKT Dynamic R3 125;5590000;48;6;NO_INFORMA;credito;NO;Perdido
HX-01088;15/06/2026;WhatsApp;EMP-02;PV-007;Honda Dio 110;6890000;1;4;NO_INFORMA;no_informa;NO;Perdido
HX-01089;7/07/2026;WhatsApp;EMP-01;PV-004;Suzuki V-Strom 250;21900000;1;7;NO;contado;NO;Perdido
HX-01090;23/03/2026;WhatsApp;EMP-03;PV-011;Hero Hunk 160R;10490000;16;6;SI;no_informa;NO;Perdido
HX-01091;3/06/2026;Meta Ads;EMP-03;PV-013;Hero Hunk 160R;10490000;0.5;7;NO_INFORMA;credito;NO;Perdido
HX-01092;25/06/2026;WhatsApp;EMP-01;PV-005;Suzuki Best 125;6590000;24;2;NO;credito;SI;Perdido
HX-01093;24/07/2026;Meta Ads;EMP-03;PV-012;Hero Eco Deluxe 100;4990000;0.5;2;SI;credito;NO;Perdido
HX-01094;2/04/2026;WhatsApp;EMP-03;PV-013;Honda Navi;7290000;48;4;SI;credito;SI;Perdido
HX-01095;4/07/2026;Meta Ads;EMP-03;PV-012;AKT NKD 125;5290000;4;5;NO_INFORMA;credito;NO;Perdido
HX-01096;18/04/2026;Meta Ads;EMP-03;PV-015;Bajaj Dominar 400;24900000;4;6;NO_INFORMA;credito;NO;Perdido
HX-01097;25/06/2026;WhatsApp;EMP-01;PV-001;AKT Evo RS 150;7190000;72;4;NO_INFORMA;no_informa;NO;Cerrado
HX-01098;5/05/2026;WhatsApp;EMP-02;PV-006;Honda Navi;7290000;120;4;NO_INFORMA;credito;NO;Perdido
HX-01099;9/06/2026;WhatsApp;EMP-03;PV-012;AKT TTR 200;9890000;2;5;NO_INFORMA;credito;NO;Perdido
HX-01100;16/07/2026;Formulario Web;EMP-03;PV-012;Honda Navi;7290000;2;2;SI;no_informa;NO;Perdido
HX-01101;10/07/2026;WhatsApp;EMP-02;PV-008;Bajaj Discover 125;6990000;16;7;SI;credito;NO;Perdido
HX-01102;29/04/2026;WhatsApp;EMP-03;PV-011;Suzuki V-Strom 250;21900000;1;6;NO_INFORMA;no_informa;NO;Perdido
HX-01103;13/04/2026;Meta Ads;EMP-02;PV-007;Bajaj Discover 125;6990000;72;1;SI;credito;SI;Perdido
HX-01104;17/07/2026;Meta Ads;EMP-01;PV-004;Hero Xpulse 200;14990000;4;1;NO_INFORMA;credito;NO;Perdido
HX-01105;30/04/2026;Formulario Web;EMP-01;PV-001;Bajaj Dominar 400;24900000;48;2;SI;credito;NO;Perdido
HX-01106;1/07/2026;WhatsApp;EMP-02;PV-009;Honda XR 150L;11490000;24;2;NO_INFORMA;contado;NO;Perdido
HX-01107;17/05/2026;Meta Ads;EMP-02;PV-010;Bajaj Pulsar RS 200;15490000;16;4;NO;credito;NO;Perdido
HX-01108;12/04/2026;Meta Ads;EMP-01;PV-004;Bajaj Dominar 400;24900000;0.5;1;SI;no_informa;NO;Perdido
HX-01109;25/04/2026;Meta Ads;EMP-01;PV-001;Hero Xpulse 200;14990000;1;2;NO_INFORMA;no_informa;NO;Cerrado
HX-01110;26/03/2026;WhatsApp;EMP-01;PV-005;Honda Dio 110;6890000;0.5;1;NO;credito;SI;Perdido
HX-01111;8/06/2026;Meta Ads;EMP-01;PV-001;Suzuki GN 125;7490000;24;7;NO_INFORMA;credito;NO;Perdido
HX-01112;13/05/2026;Formulario Web;EMP-01;PV-005;Bajaj Pulsar NS 125;8990000;16;4;NO;no_informa;NO;Perdido
HX-01113;28/05/2026;WhatsApp;EMP-01;PV-004;Honda CB 190R;13990000;8;4;SI;credito;NO;Perdido
HX-01114;5/04/2026;WhatsApp;EMP-01;PV-002;Hero Hunk 160R;10490000;72;2;NO_INFORMA;credito;NO;Cerrado
HX-01115;9/05/2026;WhatsApp;EMP-02;PV-008;Bajaj Pulsar NS 125;8990000;0.5;3;SI;credito;NO;Perdido
HX-01116;13/06/2026;WhatsApp;EMP-03;PV-015;Bajaj Boxer CT 100;5790000;;0;NO_INFORMA;credito;NO;Sin gestión
HX-01117;28/05/2026;WhatsApp;EMP-01;PV-001;Bajaj Boxer CT 100;5790000;8;3;SI;no_informa;SI;Perdido
HX-01118;18/03/2026;WhatsApp;EMP-03;PV-011;AKT Evo RS 150;7190000;120;2;NO;contado;SI;Perdido
HX-01119;24/03/2026;WhatsApp;EMP-02;PV-009;Suzuki V-Strom 250;21900000;4;4;NO;contado;NO;Perdido
HX-01120;17/06/2026;WhatsApp;EMP-02;PV-009;AKT TTR 200;9890000;48;7;NO;no_informa;NO;Perdido
HX-01121;1/04/2026;Meta Ads;EMP-03;PV-012;Hero Xpulse 200;14990000;8;1;SI;contado;NO;Perdido
HX-01122;21/03/2026;Meta Ads;EMP-01;PV-004;Bajaj Boxer CT 100;5790000;72;1;SI;no_informa;NO;Perdido
HX-01123;27/05/2026;Formulario Web;EMP-01;PV-001;Bajaj Pulsar NS 160;11290000;48;5;SI;credito;NO;Perdido
HX-01124;9/06/2026;Formulario Web;EMP-01;PV-004;Hero Dash 110;6290000;48;4;SI;credito;SI;Perdido
HX-01125;3/05/2026;Meta Ads;EMP-01;PV-002;AKT Evo RS 150;7190000;4;6;SI;credito;NO;Perdido
HX-01126;5/07/2026;WhatsApp;EMP-03;PV-014;Suzuki Gixxer 150;11990000;0.5;3;NO_INFORMA;credito;NO;Perdido
HX-01127;4/04/2026;Meta Ads;EMP-02;PV-010;Suzuki Gixxer 150;11990000;0.5;1;NO_INFORMA;contado;NO;Perdido
HX-01128;13/07/2026;WhatsApp;EMP-01;PV-003;AKT TTR 200;9890000;120;6;NO;credito;NO;Perdido
HX-01129;2/03/2026;WhatsApp;EMP-03;PV-011;Suzuki Best 125;6590000;2;4;NO;credito;NO;Perdido
HX-01130;11/03/2026;Meta Ads;EMP-02;PV-006;Hero Eco Deluxe 100;4990000;72;4;NO;credito;SI;Perdido
HX-01131;19/07/2026;WhatsApp;EMP-01;PV-001;Honda Dio 110;6890000;120;3;NO;credito;NO;Perdido
HX-01132;30/04/2026;Meta Ads;EMP-01;PV-005;AKT Evo RS 150;7190000;;0;NO_INFORMA;credito;NO;Sin gestión
HX-01133;9/03/2026;WhatsApp;EMP-01;PV-004;Honda XR 150L;11490000;48;5;NO_INFORMA;credito;SI;Perdido
HX-01134;24/03/2026;WhatsApp;EMP-03;PV-011;Bajaj Boxer CT 100;5790000;8;6;NO_INFORMA;credito;NO;Perdido
HX-01135;19/03/2026;WhatsApp;EMP-03;PV-012;Honda XR 150L;11490000;8;7;SI;credito;SI;Perdido
HX-01136;5/05/2026;WhatsApp;EMP-03;PV-011;Bajaj Boxer CT 100;5790000;72;6;NO;credito;NO;Perdido
HX-01137;12/04/2026;WhatsApp;EMP-02;PV-007;Honda CB 125F Twister;7990000;1;5;NO;credito;SI;Perdido
HX-01138;5/03/2026;WhatsApp;EMP-03;PV-012;Suzuki Best 125;6590000;0.5;5;SI;credito;NO;Perdido
HX-01139;24/07/2026;Meta Ads;EMP-03;PV-013;Bajaj Boxer CT 100;5790000;4;5;NO;no_informa;NO;Perdido
HX-01140;11/07/2026;Formulario Web;EMP-02;PV-010;Hero Xpulse 200;14990000;0.5;5;NO_INFORMA;credito;SI;Perdido
HX-01141;20/04/2026;Formulario Web;EMP-03;PV-013;AKT Evo RS 150;7190000;4;2;NO_INFORMA;contado;SI;Perdido
HX-01142;19/04/2026;Meta Ads;EMP-02;PV-007;AKT Evo RS 150;7190000;1;2;NO;credito;NO;Perdido
HX-01143;2/05/2026;Meta Ads;EMP-03;PV-011;Bajaj Pulsar NS 160;11290000;48;1;NO_INFORMA;credito;NO;Perdido
HX-01144;3/07/2026;Meta Ads;EMP-02;PV-006;Suzuki Gixxer 150;11990000;8;4;SI;no_informa;NO;Perdido
HX-01145;20/04/2026;Formulario Web;EMP-02;PV-007;Bajaj Pulsar NS 125;8990000;72;4;SI;contado;NO;Perdido
HX-01146;28/04/2026;WhatsApp;EMP-02;PV-009;Honda XR 150L;11490000;48;6;NO_INFORMA;credito;NO;Perdido
HX-01147;6/05/2026;WhatsApp;EMP-02;PV-009;Hero Xpulse 200;14990000;72;5;NO;contado;NO;Perdido
HX-01148;29/05/2026;WhatsApp;EMP-02;PV-006;Hero Dash 110;6290000;8;7;SI;credito;NO;Perdido
HX-01149;5/07/2026;Formulario Web;EMP-02;PV-006;Bajaj Pulsar NS 160;11290000;8;2;NO;credito;NO;Perdido
HX-01150;26/03/2026;WhatsApp;EMP-02;PV-007;Honda CB 125F Twister;7990000;2;3;NO;contado;NO;Cerrado
HX-01151;22/05/2026;WhatsApp;EMP-02;PV-007;Suzuki GN 125;7490000;8;2;SI;no_informa;SI;Cerrado
HX-01152;7/04/2026;Formulario Web;EMP-01;PV-003;Hero Eco Deluxe 100;4990000;120;3;NO_INFORMA;credito;NO;Perdido
HX-01153;11/04/2026;WhatsApp;EMP-02;PV-007;Bajaj Pulsar NS 160;11290000;2;4;NO_INFORMA;credito;NO;Cerrado
HX-01154;8/04/2026;WhatsApp;EMP-02;PV-006;Honda CB 125F Twister;7990000;2;6;NO;no_informa;NO;Perdido
HX-01155;9/03/2026;WhatsApp;EMP-03;PV-011;Hero Eco Deluxe 100;4990000;8;5;NO;credito;SI;Perdido
HX-01156;16/05/2026;WhatsApp;EMP-01;PV-001;AKT Evo RS 150;7190000;16;7;NO_INFORMA;credito;SI;Perdido
HX-01157;11/07/2026;WhatsApp;EMP-03;PV-015;AKT NKD 125;5290000;8;1;NO_INFORMA;contado;NO;Perdido
HX-01158;28/03/2026;WhatsApp;EMP-02;PV-006;Suzuki Gixxer 150;11990000;72;7;NO;credito;SI;Perdido
HX-01159;9/07/2026;Formulario Web;EMP-02;PV-010;AKT TTR 200;9890000;2;2;NO;credito;NO;Perdido
HX-01160;7/04/2026;Meta Ads;EMP-03;PV-014;Hero Dash 110;6290000;120;5;SI;credito;NO;Perdido
HX-01161;20/03/2026;WhatsApp;EMP-01;PV-001;AKT TTR 200;9890000;8;1;NO_INFORMA;credito;NO;Perdido
HX-01162;9/05/2026;Meta Ads;EMP-01;PV-005;Suzuki Best 125;6590000;1;3;SI;credito;NO;Perdido
HX-01163;20/05/2026;WhatsApp;EMP-01;PV-004;Bajaj Discover 125;6990000;24;7;SI;credito;NO;Perdido
HX-01164;21/03/2026;Meta Ads;EMP-01;PV-001;Honda CB 125F Twister;7990000;72;5;NO_INFORMA;credito;SI;Perdido
HX-01165;4/03/2026;Formulario Web;EMP-01;PV-003;Bajaj Pulsar NS 125;8990000;;0;SI;no_informa;NO;Sin gestión
HX-01166;14/06/2026;WhatsApp;EMP-02;PV-008;Hero Dash 110;6290000;120;2;NO_INFORMA;credito;NO;Perdido
HX-01167;4/04/2026;WhatsApp;EMP-03;PV-014;Hero Hunk 160R;10490000;72;6;NO_INFORMA;no_informa;NO;Perdido
HX-01168;15/06/2026;Meta Ads;EMP-03;PV-015;Bajaj Pulsar NS 160;11290000;48;1;NO;credito;NO;Perdido
HX-01169;20/07/2026;WhatsApp;EMP-03;PV-014;Honda CB 125F Twister;7990000;2;5;SI;credito;NO;Perdido
HX-01170;4/04/2026;Meta Ads;EMP-02;PV-007;Honda CB 190R;13990000;2;2;NO;contado;SI;Cerrado
HX-01171;6/05/2026;WhatsApp;EMP-03;PV-013;AKT Dynamic R3 125;5590000;1;2;NO;credito;SI;Perdido
HX-01172;27/03/2026;WhatsApp;EMP-01;PV-003;Honda Dio 110;6890000;;0;SI;no_informa;NO;Sin gestión
HX-01173;26/05/2026;WhatsApp;EMP-03;PV-015;AKT Dynamic R3 125;5590000;1;5;SI;no_informa;NO;Perdido
HX-01174;11/04/2026;WhatsApp;EMP-03;PV-012;Hero Hunk 160R;10490000;24;5;NO_INFORMA;credito;NO;Perdido
HX-01175;4/07/2026;Meta Ads;EMP-03;PV-015;AKT NKD 125;5290000;;0;NO_INFORMA;no_informa;NO;Sin gestión
HX-01176;28/04/2026;Formulario Web;EMP-02;PV-010;Suzuki Gixxer 150;11990000;16;6;NO;credito;SI;Perdido
HX-01177;25/07/2026;Meta Ads;EMP-02;PV-010;Bajaj Discover 125;6990000;48;3;SI;credito;NO;Perdido
HX-01178;19/03/2026;WhatsApp;EMP-02;PV-010;AKT Dynamic R3 125;5590000;0.5;4;SI;no_informa;NO;Perdido
HX-01179;5/03/2026;WhatsApp;EMP-02;PV-010;Suzuki GN 125;7490000;48;7;SI;credito;NO;Perdido
HX-01180;15/05/2026;WhatsApp;EMP-03;PV-012;AKT Dynamic R3 125;5590000;16;2;SI;contado;NO;Perdido
HX-01181;30/04/2026;WhatsApp;EMP-03;PV-014;Honda CB 190R;13990000;;0;NO;no_informa;NO;Sin gestión
HX-01182;9/06/2026;Meta Ads;EMP-02;PV-008;Honda CB 190R;13990000;48;3;NO;credito;NO;Perdido
HX-01183;14/06/2026;WhatsApp;EMP-03;PV-012;Suzuki Gixxer 150;11990000;0.5;6;NO_INFORMA;credito;NO;Perdido
HX-01184;10/03/2026;Meta Ads;EMP-03;PV-013;Suzuki GN 125;7490000;8;4;NO;credito;NO;Perdido
HX-01185;24/04/2026;Meta Ads;EMP-01;PV-005;Honda Dio 110;6890000;4;6;NO;credito;SI;Perdido
HX-01186;19/05/2026;Meta Ads;EMP-03;PV-012;Honda Dio 110;6890000;2;5;NO;credito;SI;Perdido
HX-01187;4/07/2026;Formulario Web;EMP-01;PV-002;Bajaj Discover 125;6990000;72;4;SI;credito;NO;Perdido
HX-01188;10/06/2026;WhatsApp;EMP-03;PV-013;Bajaj Boxer CT 100;5790000;72;2;SI;no_informa;NO;Perdido
HX-01189;10/03/2026;Meta Ads;EMP-01;PV-001;Honda XRE 300;22900000;24;2;SI;contado;NO;Perdido
HX-01190;22/05/2026;Meta Ads;EMP-01;PV-004;AKT NKD 125;5290000;0.5;6;NO_INFORMA;credito;NO;Perdido
HX-01191;23/03/2026;Meta Ads;EMP-01;PV-002;Bajaj Pulsar RS 200;15490000;24;4;NO;no_informa;NO;Perdido
HX-01192;8/04/2026;Formulario Web;EMP-03;PV-013;Bajaj Discover 125;6990000;1;2;SI;credito;NO;Perdido
HX-01193;27/05/2026;WhatsApp;EMP-01;PV-004;Bajaj Discover 125;6990000;72;6;NO;credito;NO;Perdido
HX-01194;6/03/2026;WhatsApp;EMP-02;PV-006;Honda Navi;7290000;2;3;NO;no_informa;SI;Perdido
HX-01195;12/07/2026;Meta Ads;EMP-01;PV-001;Honda XR 150L;11490000;1;1;NO;credito;NO;Perdido
HX-01196;19/05/2026;WhatsApp;EMP-03;PV-012;Honda Dio 110;6890000;120;7;NO;credito;NO;Perdido
HX-01197;11/03/2026;Meta Ads;EMP-03;PV-015;AKT TTR 200;9890000;24;6;NO;credito;NO;Perdido
HX-01198;1/06/2026;Meta Ads;EMP-03;PV-011;Bajaj Boxer CT 100;5790000;16;3;NO;contado;SI;Perdido
HX-01199;14/07/2026;WhatsApp;EMP-02;PV-009;Suzuki GN 125;7490000;48;5;NO;credito;NO;Perdido
HX-01200;30/05/2026;Meta Ads;EMP-02;PV-008;Hero Dash 110;6290000;;0;NO;contado;NO;Sin gestión
HX-01201;16/06/2026;Meta Ads;EMP-02;PV-008;Honda Navi;7290000;16;1;SI;credito;NO;Perdido
HX-01202;27/06/2026;WhatsApp;EMP-02;PV-006;Hero Dash 110;6290000;16;5;NO_INFORMA;no_informa;NO;Perdido
HX-01203;9/04/2026;Meta Ads;EMP-02;PV-009;Honda Navi;7290000;24;3;SI;credito;NO;Perdido
HX-01204;22/04/2026;WhatsApp;EMP-01;PV-003;Honda CB 125F Twister;7990000;2;5;NO_INFORMA;no_informa;NO;Perdido
HX-01205;26/06/2026;WhatsApp;EMP-01;PV-001;Honda CB 125F Twister;7990000;120;3;SI;no_informa;NO;Perdido
HX-01206;27/06/2026;WhatsApp;EMP-01;PV-004;Hero Dash 110;6290000;4;3;NO_INFORMA;contado;NO;Perdido
HX-01207;7/06/2026;WhatsApp;EMP-01;PV-005;Suzuki GN 125;7490000;24;1;NO_INFORMA;credito;SI;Perdido
HX-01208;28/04/2026;Meta Ads;EMP-01;PV-003;Bajaj Pulsar NS 125;8990000;0.5;6;NO_INFORMA;credito;NO;Perdido
HX-01209;27/03/2026;WhatsApp;EMP-03;PV-013;Suzuki GN 125;7490000;8;3;NO_INFORMA;credito;NO;Perdido
HX-01210;3/06/2026;Formulario Web;EMP-01;PV-001;Honda Dio 110;6890000;120;5;SI;credito;NO;Perdido
HX-01211;17/03/2026;WhatsApp;EMP-03;PV-014;Suzuki GN 125;7490000;1;1;NO;credito;NO;Perdido
HX-01212;27/05/2026;Formulario Web;EMP-03;PV-015;Hero Dash 110;6290000;4;1;SI;no_informa;NO;Perdido
HX-01213;3/06/2026;Formulario Web;EMP-01;PV-001;Honda CB 190R;13990000;;0;SI;credito;SI;Sin gestión
HX-01214;16/03/2026;WhatsApp;EMP-02;PV-009;Honda XR 150L;11490000;8;1;NO;credito;SI;Perdido
HX-01215;22/07/2026;Meta Ads;EMP-02;PV-007;Hero Xpulse 200;14990000;24;2;NO;no_informa;SI;Perdido
HX-01216;30/06/2026;WhatsApp;EMP-02;PV-010;Bajaj Pulsar NS 125;8990000;1;3;SI;credito;NO;Perdido
HX-01217;28/04/2026;Meta Ads;EMP-01;PV-005;AKT TTR 200;9890000;1;5;SI;contado;NO;Perdido
HX-01218;8/04/2026;WhatsApp;EMP-01;PV-001;Suzuki Best 125;6590000;1;4;NO;credito;NO;Perdido
HX-01219;18/05/2026;WhatsApp;EMP-02;PV-006;AKT Evo RS 150;7190000;24;1;NO;no_informa;NO;Perdido
HX-01220;27/06/2026;Meta Ads;EMP-03;PV-012;AKT Evo RS 150;7190000;24;5;SI;no_informa;NO;Perdido
HX-01221;19/06/2026;Meta Ads;EMP-02;PV-008;AKT Evo RS 150;7190000;16;3;SI;credito;NO;Perdido
HX-01222;29/04/2026;Formulario Web;EMP-03;PV-015;Honda Navi;7290000;0.5;2;SI;credito;NO;Perdido
HX-01223;5/07/2026;WhatsApp;EMP-02;PV-006;Honda XRE 300;22900000;;0;NO;credito;NO;Sin gestión
HX-01224;19/07/2026;Formulario Web;EMP-01;PV-005;Honda Dio 110;6890000;0.5;3;SI;no_informa;NO;Perdido
HX-01225;18/07/2026;Meta Ads;EMP-01;PV-005;AKT Evo RS 150;7190000;1;1;NO;no_informa;NO;Perdido
HX-01226;17/04/2026;Meta Ads;EMP-02;PV-007;Honda XR 150L;11490000;4;1;SI;credito;NO;Cerrado
HX-01227;28/06/2026;WhatsApp;EMP-03;PV-011;Honda CB 190R;13990000;24;6;SI;credito;NO;Perdido
HX-01228;11/03/2026;Meta Ads;EMP-02;PV-008;Hero Dash 110;6290000;24;2;SI;credito;NO;Perdido
HX-01229;30/04/2026;Meta Ads;EMP-03;PV-015;Bajaj Boxer CT 100;5790000;120;4;NO;credito;NO;Perdido
HX-01230;7/05/2026;Formulario Web;EMP-01;PV-001;Bajaj Pulsar NS 125;8990000;24;1;SI;no_informa;SI;Perdido
HX-01231;13/03/2026;Meta Ads;EMP-01;PV-002;AKT Evo RS 150;7190000;1;6;NO_INFORMA;credito;NO;Perdido
HX-01232;23/04/2026;WhatsApp;EMP-03;PV-012;Hero Xpulse 200;14990000;24;1;SI;credito;NO;Perdido
HX-01233;7/05/2026;Meta Ads;EMP-03;PV-011;AKT TTR 200;9890000;8;3;SI;credito;NO;Perdido
HX-01234;15/05/2026;Formulario Web;EMP-01;PV-004;Honda XR 150L;11490000;1;3;SI;credito;NO;Perdido
HX-01235;10/07/2026;WhatsApp;EMP-01;PV-004;Honda Dio 110;6890000;4;4;NO_INFORMA;credito;SI;Perdido
HX-01236;9/03/2026;WhatsApp;EMP-03;PV-013;Hero Eco Deluxe 100;4990000;120;4;NO;credito;SI;Perdido
HX-01237;19/05/2026;Meta Ads;EMP-01;PV-001;AKT Dynamic R3 125;5590000;48;4;NO_INFORMA;contado;NO;Perdido
HX-01238;27/06/2026;WhatsApp;EMP-03;PV-015;Suzuki Best 125;6590000;;0;SI;no_informa;NO;Sin gestión
HX-01239;5/05/2026;WhatsApp;EMP-03;PV-012;Bajaj Pulsar RS 200;15490000;8;6;SI;credito;NO;Cerrado
HX-01240;21/04/2026;Formulario Web;EMP-01;PV-001;AKT Evo RS 150;7190000;4;3;SI;credito;NO;Perdido
HX-01241;14/05/2026;Meta Ads;EMP-02;PV-007;AKT TTR 200;9890000;;0;NO;credito;SI;Sin gestión
HX-01242;17/05/2026;WhatsApp;EMP-02;PV-009;Hero Dash 110;6290000;48;6;NO_INFORMA;no_informa;NO;Perdido
HX-01243;16/06/2026;Formulario Web;EMP-01;PV-001;Hero Eco Deluxe 100;4990000;4;2;NO_INFORMA;contado;SI;Perdido
HX-01244;2/06/2026;Meta Ads;EMP-03;PV-013;Honda Navi;7290000;2;5;NO_INFORMA;credito;NO;Perdido
HX-01245;26/04/2026;WhatsApp;EMP-02;PV-007;Bajaj Pulsar RS 200;15490000;2;5;SI;credito;NO;Perdido
HX-01246;1/07/2026;WhatsApp;EMP-02;PV-009;AKT NKD 125;5290000;4;3;NO_INFORMA;credito;NO;Perdido
HX-01247;7/04/2026;Meta Ads;EMP-02;PV-009;Bajaj Dominar 400;24900000;8;3;SI;credito;SI;Perdido
HX-01248;27/04/2026;Formulario Web;EMP-01;PV-003;AKT Dynamic R3 125;5590000;8;1;SI;contado;SI;Cerrado
HX-01249;7/06/2026;Formulario Web;EMP-02;PV-009;Bajaj Discover 125;6990000;8;7;NO_INFORMA;credito;NO;Perdido
HX-01250;29/05/2026;Meta Ads;EMP-01;PV-004;Hero Dash 110;6290000;72;7;NO;contado;NO;Perdido
HX-01251;10/04/2026;Meta Ads;EMP-02;PV-010;Bajaj Pulsar NS 125;8990000;1;3;SI;credito;NO;Perdido
HX-01252;4/06/2026;Meta Ads;EMP-01;PV-001;Suzuki GN 125;7490000;48;7;NO_INFORMA;contado;SI;Perdido
HX-01253;13/05/2026;WhatsApp;EMP-03;PV-015;Hero Hunk 160R;10490000;4;3;NO_INFORMA;credito;NO;Perdido
HX-01254;28/04/2026;Meta Ads;EMP-03;PV-015;AKT Evo RS 150;7190000;4;1;SI;credito;SI;Perdido
HX-01255;30/03/2026;WhatsApp;EMP-02;PV-010;Honda CB 125F Twister;7990000;1;7;NO_INFORMA;credito;SI;Perdido
HX-01256;24/06/2026;WhatsApp;EMP-03;PV-014;AKT Evo RS 150;7190000;0.5;5;SI;credito;SI;Perdido
HX-01257;31/05/2026;WhatsApp;EMP-02;PV-010;Hero Dash 110;6290000;24;5;SI;credito;NO;Perdido
HX-01258;17/05/2026;Meta Ads;EMP-02;PV-010;Suzuki GN 125;7490000;1;4;SI;contado;NO;Perdido
HX-01259;22/04/2026;WhatsApp;EMP-01;PV-002;Bajaj Dominar 400;24900000;72;3;SI;contado;NO;Perdido
HX-01260;17/04/2026;WhatsApp;EMP-03;PV-014;Bajaj Discover 125;6990000;48;7;SI;credito;NO;Cerrado
HX-01261;22/03/2026;WhatsApp;EMP-03;PV-014;Hero Xpulse 200;14990000;1;2;NO_INFORMA;no_informa;NO;Perdido
HX-01262;2/03/2026;Formulario Web;EMP-01;PV-002;Bajaj Pulsar NS 125;8990000;120;7;SI;credito;NO;Perdido
HX-01263;23/07/2026;WhatsApp;EMP-03;PV-012;Hero Dash 110;6290000;4;1;NO_INFORMA;credito;NO;Perdido
HX-01264;29/03/2026;WhatsApp;EMP-02;PV-008;Suzuki GN 125;7490000;4;3;SI;credito;NO;Perdido
HX-01265;26/04/2026;WhatsApp;EMP-01;PV-001;AKT Evo RS 150;7190000;120;5;SI;credito;NO;Cerrado
HX-01266;3/03/2026;WhatsApp;EMP-03;PV-014;Honda CB 125F Twister;7990000;;0;NO_INFORMA;credito;SI;Sin gestión
HX-01267;3/07/2026;Meta Ads;EMP-01;PV-004;AKT Evo RS 150;7190000;4;7;NO;contado;NO;Perdido
HX-01268;14/06/2026;Meta Ads;EMP-03;PV-014;Honda Dio 110;6890000;1;7;NO_INFORMA;contado;SI;Perdido
HX-01269;13/05/2026;WhatsApp;EMP-02;PV-009;Bajaj Discover 125;6990000;1;1;NO_INFORMA;credito;SI;Perdido
HX-01270;29/05/2026;Meta Ads;EMP-03;PV-015;AKT TTR 200;9890000;8;6;SI;credito;NO;Perdido
HX-01271;17/04/2026;WhatsApp;EMP-01;PV-003;Honda Dio 110;6890000;;0;NO;credito;NO;Sin gestión
HX-01272;27/05/2026;WhatsApp;EMP-01;PV-004;Honda CB 190R;13990000;;0;NO_INFORMA;credito;NO;Sin gestión
HX-01273;20/05/2026;Formulario Web;EMP-01;PV-004;Bajaj Discover 125;6990000;24;7;NO;credito;NO;Perdido
HX-01274;12/04/2026;Meta Ads;EMP-03;PV-011;Hero Dash 110;6290000;4;2;NO_INFORMA;no_informa;NO;Perdido
HX-01275;21/03/2026;Formulario Web;EMP-01;PV-005;Hero Eco Deluxe 100;4990000;72;4;SI;contado;NO;Cerrado
HX-01276;5/03/2026;WhatsApp;EMP-03;PV-013;Honda XRE 300;22900000;72;3;SI;credito;NO;Perdido
HX-01277;18/06/2026;WhatsApp;EMP-01;PV-001;AKT TTR 200;9890000;4;6;SI;credito;NO;Perdido
HX-01278;18/03/2026;WhatsApp;EMP-01;PV-001;Suzuki GN 125;7490000;1;5;NO;no_informa;NO;Perdido
HX-01279;13/06/2026;Formulario Web;EMP-03;PV-011;Hero Eco Deluxe 100;4990000;2;7;NO_INFORMA;credito;NO;Perdido
HX-01280;8/03/2026;Formulario Web;EMP-03;PV-014;Suzuki V-Strom 250;21900000;72;5;NO_INFORMA;credito;SI;Perdido
HX-01281;3/03/2026;WhatsApp;EMP-01;PV-003;Hero Eco Deluxe 100;4990000;120;6;NO;no_informa;NO;Perdido
HX-01282;3/06/2026;WhatsApp;EMP-03;PV-014;Bajaj Pulsar NS 125;8990000;;0;NO;contado;NO;Sin gestión
HX-01283;22/04/2026;Meta Ads;EMP-01;PV-004;Honda Navi;7290000;8;1;SI;credito;NO;Perdido
HX-01284;26/07/2026;WhatsApp;EMP-01;PV-005;Suzuki GN 125;7490000;48;7;NO;credito;NO;Perdido
HX-01285;7/03/2026;Meta Ads;EMP-03;PV-015;Honda XRE 300;22900000;0.5;7;NO;credito;NO;Perdido
HX-01286;26/04/2026;WhatsApp;EMP-01;PV-004;Honda CB 125F Twister;7990000;24;6;SI;no_informa;NO;Perdido
HX-01287;12/04/2026;Meta Ads;EMP-02;PV-009;Bajaj Discover 125;6990000;16;6;NO;contado;NO;Perdido
HX-01288;30/04/2026;Meta Ads;EMP-03;PV-011;Hero Eco Deluxe 100;4990000;2;6;SI;credito;NO;Cerrado
HX-01289;21/04/2026;Meta Ads;EMP-02;PV-007;Honda CB 125F Twister;7990000;4;7;SI;contado;NO;Perdido
HX-01290;13/06/2026;Meta Ads;EMP-01;PV-005;Suzuki Best 125;6590000;72;1;SI;contado;NO;Perdido
HX-01291;28/03/2026;Formulario Web;EMP-03;PV-012;Bajaj Pulsar NS 125;8990000;;0;NO_INFORMA;credito;NO;Sin gestión
HX-01292;21/03/2026;WhatsApp;EMP-01;PV-002;Honda Dio 110;6890000;1;6;NO;contado;SI;Cerrado
HX-01293;9/06/2026;WhatsApp;EMP-01;PV-004;Bajaj Pulsar NS 160;11290000;72;3;NO;credito;SI;Perdido
HX-01294;5/05/2026;WhatsApp;EMP-03;PV-012;Honda Navi;7290000;24;3;NO;credito;SI;Perdido
HX-01295;21/03/2026;Meta Ads;EMP-02;PV-007;Honda Navi;7290000;8;6;NO_INFORMA;credito;NO;Perdido
HX-01296;25/03/2026;WhatsApp;EMP-03;PV-013;AKT Dynamic R3 125;5590000;1;7;SI;credito;NO;Perdido
HX-01297;29/06/2026;WhatsApp;EMP-01;PV-002;Hero Eco Deluxe 100;4990000;0.5;7;SI;contado;NO;Perdido
HX-01298;23/04/2026;WhatsApp;EMP-03;PV-013;Bajaj Pulsar NS 160;11290000;48;7;NO;credito;SI;Perdido
HX-01299;6/04/2026;Formulario Web;EMP-02;PV-010;Honda CB 190R;13990000;1;4;NO;no_informa;NO;Cerrado
HX-01300;4/04/2026;Meta Ads;EMP-01;PV-001;Bajaj Discover 125;6990000;24;6;NO;credito;SI;Perdido
HX-01301;13/04/2026;WhatsApp;EMP-03;PV-015;Hero Eco Deluxe 100;4990000;120;4;NO;credito;NO;Perdido
HX-01302;6/05/2026;Meta Ads;EMP-01;PV-002;Bajaj Pulsar NS 160;11290000;4;5;SI;no_informa;NO;Perdido
HX-01303;9/04/2026;WhatsApp;EMP-01;PV-004;Bajaj Pulsar NS 125;8990000;120;1;NO;no_informa;NO;Perdido
HX-01304;17/03/2026;Meta Ads;EMP-02;PV-006;Honda CB 190R;13990000;1;4;NO;credito;SI;Perdido
HX-01305;19/07/2026;WhatsApp;EMP-01;PV-003;Honda CB 190R;13990000;;0;NO;credito;NO;Sin gestión
HX-01306;26/03/2026;Formulario Web;EMP-03;PV-015;Honda CB 125F Twister;7990000;2;1;NO_INFORMA;credito;NO;Perdido
HX-01307;2/05/2026;WhatsApp;EMP-03;PV-014;Bajaj Boxer CT 100;5790000;2;6;SI;contado;SI;Perdido
HX-01308;6/07/2026;Formulario Web;EMP-02;PV-006;Suzuki GN 125;7490000;0.5;5;SI;credito;SI;Perdido
HX-01309;7/07/2026;WhatsApp;EMP-01;PV-004;Honda Dio 110;6890000;72;2;NO_INFORMA;credito;SI;Perdido
HX-01310;27/05/2026;Meta Ads;EMP-03;PV-014;Honda CB 190R;13990000;16;7;SI;contado;NO;Cerrado
HX-01311;7/03/2026;Formulario Web;EMP-03;PV-012;AKT TTR 200;9890000;0.5;6;NO_INFORMA;no_informa;SI;Perdido
HX-01312;9/07/2026;WhatsApp;EMP-02;PV-006;AKT NKD 125;5290000;72;2;SI;credito;NO;Perdido
HX-01313;16/07/2026;WhatsApp;EMP-02;PV-007;Honda XR 150L;11490000;8;2;NO;credito;NO;Perdido
HX-01314;30/04/2026;WhatsApp;EMP-03;PV-012;Honda XRE 300;22900000;48;6;SI;credito;SI;Perdido
HX-01315;20/07/2026;WhatsApp;EMP-02;PV-007;Honda Navi;7290000;120;5;NO_INFORMA;credito;NO;Perdido
HX-01316;17/03/2026;WhatsApp;EMP-02;PV-006;Honda CB 125F Twister;7990000;1;2;SI;no_informa;NO;Perdido
HX-01317;20/04/2026;WhatsApp;EMP-03;PV-011;Bajaj Boxer CT 100;5790000;72;6;NO_INFORMA;credito;NO;Perdido
HX-01318;7/05/2026;WhatsApp;EMP-03;PV-013;Honda CB 190R;13990000;16;2;SI;credito;NO;Perdido
HX-01319;10/04/2026;Meta Ads;EMP-03;PV-013;Bajaj Pulsar NS 125;8990000;1;7;NO;no_informa;NO;Cerrado
HX-01320;4/03/2026;WhatsApp;EMP-01;PV-003;AKT NKD 125;5290000;2;1;SI;credito;NO;Perdido
HX-01321;19/04/2026;Meta Ads;EMP-03;PV-015;AKT Evo RS 150;7190000;;0;SI;credito;SI;Sin gestión
HX-01322;18/07/2026;WhatsApp;EMP-03;PV-012;Honda XR 150L;11490000;8;1;SI;contado;NO;Perdido
HX-01323;3/06/2026;Meta Ads;EMP-03;PV-011;Bajaj Dominar 400;24900000;0.5;7;NO;credito;SI;Perdido
HX-01324;22/03/2026;Meta Ads;EMP-03;PV-011;Bajaj Discover 125;6990000;72;1;SI;credito;NO;Perdido
HX-01325;22/05/2026;WhatsApp;EMP-01;PV-005;Hero Hunk 160R;10490000;8;6;NO;credito;SI;Perdido
HX-01326;18/04/2026;Meta Ads;EMP-03;PV-013;Suzuki GN 125;7490000;120;5;SI;credito;NO;Perdido
HX-01327;22/05/2026;Meta Ads;EMP-02;PV-009;Bajaj Pulsar NS 125;8990000;;0;NO_INFORMA;credito;NO;Sin gestión
HX-01328;29/03/2026;WhatsApp;EMP-02;PV-006;Suzuki GN 125;7490000;72;4;SI;credito;NO;Perdido
HX-01329;19/04/2026;WhatsApp;EMP-02;PV-008;Bajaj Discover 125;6990000;120;6;NO_INFORMA;contado;SI;Perdido
HX-01330;11/03/2026;WhatsApp;EMP-02;PV-006;Bajaj Discover 125;6990000;8;5;SI;no_informa;NO;Perdido
HX-01331;13/04/2026;Formulario Web;EMP-02;PV-007;Suzuki Best 125;6590000;8;5;SI;no_informa;NO;Perdido
HX-01332;16/06/2026;Meta Ads;EMP-01;PV-002;Suzuki V-Strom 250;21900000;8;6;SI;credito;NO;Perdido
HX-01333;17/04/2026;Meta Ads;EMP-01;PV-005;Suzuki Best 125;6590000;2;1;SI;credito;SI;Perdido
HX-01334;30/05/2026;WhatsApp;EMP-03;PV-014;Suzuki Gixxer 150;11990000;4;7;NO;contado;SI;Perdido
HX-01335;22/06/2026;WhatsApp;EMP-02;PV-008;AKT Evo RS 150;7190000;2;7;SI;credito;NO;Perdido
HX-01336;7/04/2026;WhatsApp;EMP-01;PV-004;AKT Evo RS 150;7190000;1;3;NO;credito;NO;Perdido
HX-01337;21/04/2026;WhatsApp;EMP-03;PV-012;Honda Navi;7290000;2;1;SI;credito;NO;Perdido
HX-01338;29/05/2026;Formulario Web;EMP-01;PV-002;AKT Dynamic R3 125;5590000;72;7;SI;credito;NO;Perdido
HX-01339;11/04/2026;Meta Ads;EMP-02;PV-007;Honda CB 125F Twister;7990000;1;3;NO_INFORMA;credito;NO;Perdido
HX-01340;26/05/2026;Formulario Web;EMP-02;PV-010;Bajaj Pulsar NS 125;8990000;24;5;SI;no_informa;NO;Perdido
HX-01341;1/03/2026;Formulario Web;EMP-03;PV-015;Hero Eco Deluxe 100;4990000;2;7;NO;contado;NO;Perdido
HX-01342;30/05/2026;Meta Ads;EMP-01;PV-004;AKT NKD 125;5290000;16;7;NO;credito;SI;Perdido
HX-01343;4/06/2026;Meta Ads;EMP-01;PV-002;Bajaj Discover 125;6990000;72;2;NO;contado;NO;Perdido
HX-01344;26/07/2026;Formulario Web;EMP-01;PV-005;Suzuki Best 125;6590000;120;7;NO_INFORMA;credito;SI;Perdido
HX-01345;1/03/2026;Meta Ads;EMP-02;PV-009;Bajaj Pulsar RS 200;15490000;2;2;NO_INFORMA;credito;SI;Perdido
HX-01346;28/05/2026;WhatsApp;EMP-01;PV-001;Honda Navi;7290000;72;3;NO;contado;NO;Perdido
HX-01347;26/07/2026;Meta Ads;EMP-01;PV-003;Honda Dio 110;6890000;8;2;SI;credito;NO;Perdido
HX-01348;19/03/2026;Meta Ads;EMP-02;PV-010;Suzuki V-Strom 250;21900000;24;6;NO;credito;SI;Perdido
HX-01349;8/04/2026;WhatsApp;EMP-02;PV-007;Honda Navi;7290000;8;2;NO_INFORMA;credito;NO;Perdido
HX-01350;13/07/2026;Meta Ads;EMP-02;PV-009;Suzuki Best 125;6590000;2;1;NO_INFORMA;credito;NO;Perdido
HX-01351;3/07/2026;WhatsApp;EMP-01;PV-003;Bajaj Pulsar RS 200;15490000;2;3;SI;credito;NO;Cerrado
HX-01352;30/04/2026;WhatsApp;EMP-01;PV-002;Suzuki Best 125;6590000;0.5;4;NO;credito;NO;Perdido
HX-01353;8/06/2026;Meta Ads;EMP-01;PV-003;Bajaj Discover 125;6990000;0.5;7;NO_INFORMA;no_informa;NO;Perdido
HX-01354;30/05/2026;Meta Ads;EMP-02;PV-007;Suzuki V-Strom 250;21900000;8;7;SI;credito;NO;Perdido
HX-01355;8/06/2026;Meta Ads;EMP-02;PV-008;Suzuki GN 125;7490000;16;5;SI;credito;SI;Perdido
HX-01356;19/05/2026;Formulario Web;EMP-01;PV-004;AKT TTR 200;9890000;2;1;NO_INFORMA;no_informa;NO;Perdido
HX-01357;14/05/2026;WhatsApp;EMP-03;PV-015;Honda XRE 300;22900000;16;1;NO_INFORMA;credito;NO;Perdido
HX-01358;20/06/2026;Formulario Web;EMP-01;PV-003;Honda XR 150L;11490000;4;1;SI;credito;SI;Perdido
HX-01359;5/05/2026;WhatsApp;EMP-03;PV-011;Honda Dio 110;6890000;24;5;SI;credito;NO;Perdido
HX-01360;1/06/2026;WhatsApp;EMP-01;PV-004;Honda XRE 300;22900000;;0;NO_INFORMA;credito;NO;Sin gestión
HX-01361;22/05/2026;Formulario Web;EMP-01;PV-001;Suzuki Best 125;6590000;8;1;SI;credito;NO;Perdido
HX-01362;26/04/2026;WhatsApp;EMP-01;PV-001;AKT Dynamic R3 125;5590000;;0;NO;credito;SI;Sin gestión
HX-01363;8/06/2026;WhatsApp;EMP-03;PV-014;Hero Dash 110;6290000;120;3;NO;no_informa;NO;Perdido
HX-01364;10/05/2026;WhatsApp;EMP-02;PV-009;Hero Hunk 160R;10490000;4;1;NO_INFORMA;contado;NO;Cerrado
HX-01365;22/03/2026;Meta Ads;EMP-02;PV-006;Suzuki GN 125;7490000;1;4;SI;contado;NO;Perdido
HX-01366;10/07/2026;WhatsApp;EMP-03;PV-014;AKT Dynamic R3 125;5590000;0.5;4;SI;no_informa;SI;Perdido
HX-01367;11/05/2026;Meta Ads;EMP-02;PV-008;Bajaj Boxer CT 100;5790000;24;4;NO_INFORMA;credito;NO;Perdido
HX-01368;4/03/2026;WhatsApp;EMP-02;PV-008;Suzuki Gixxer 150;11990000;0.5;4;NO_INFORMA;credito;NO;Cerrado
HX-01369;25/05/2026;WhatsApp;EMP-03;PV-012;Hero Eco Deluxe 100;4990000;4;1;NO;credito;NO;Perdido
HX-01370;25/03/2026;WhatsApp;EMP-03;PV-013;Bajaj Boxer CT 100;5790000;;0;SI;credito;NO;Sin gestión
HX-01371;20/06/2026;WhatsApp;EMP-02;PV-007;Bajaj Pulsar RS 200;15490000;8;5;SI;credito;SI;Perdido
HX-01372;18/07/2026;WhatsApp;EMP-03;PV-013;Suzuki GN 125;7490000;24;6;NO_INFORMA;credito;NO;Perdido
HX-01373;8/03/2026;Meta Ads;EMP-02;PV-009;AKT Dynamic R3 125;5590000;;0;NO_INFORMA;credito;NO;Sin gestión
HX-01374;5/04/2026;WhatsApp;EMP-01;PV-005;Bajaj Pulsar RS 200;15490000;1;5;SI;credito;NO;Perdido
HX-01375;23/07/2026;Meta Ads;EMP-01;PV-001;Honda CB 125F Twister;7990000;2;3;NO;no_informa;SI;Cerrado
HX-01376;3/03/2026;Meta Ads;EMP-03;PV-015;AKT NKD 125;5290000;4;3;SI;contado;NO;Perdido
HX-01377;20/07/2026;WhatsApp;EMP-02;PV-008;Honda XRE 300;22900000;24;5;NO_INFORMA;credito;NO;Perdido
HX-01378;11/03/2026;WhatsApp;EMP-02;PV-009;Bajaj Pulsar NS 160;11290000;48;1;NO_INFORMA;credito;NO;Cerrado
HX-01379;5/03/2026;Meta Ads;EMP-03;PV-015;Hero Dash 110;6290000;72;1;NO_INFORMA;credito;NO;Perdido
HX-01380;4/07/2026;Meta Ads;EMP-03;PV-015;Bajaj Boxer CT 100;5790000;24;3;SI;contado;NO;Perdido
HX-01381;18/03/2026;Formulario Web;EMP-02;PV-006;Honda Dio 110;6890000;120;7;NO;contado;NO;Perdido
HX-01382;11/06/2026;Formulario Web;EMP-01;PV-002;Bajaj Pulsar NS 125;8990000;48;3;NO_INFORMA;contado;NO;Perdido
HX-01383;11/03/2026;Meta Ads;EMP-01;PV-005;Bajaj Discover 125;6990000;4;7;NO;credito;NO;Perdido
HX-01384;25/06/2026;WhatsApp;EMP-03;PV-014;Hero Dash 110;6290000;;0;NO;credito;NO;Sin gestión
HX-01385;30/06/2026;Meta Ads;EMP-03;PV-011;Bajaj Dominar 400;24900000;24;1;NO_INFORMA;credito;SI;Perdido
HX-01386;27/05/2026;Meta Ads;EMP-01;PV-005;Bajaj Pulsar RS 200;15490000;24;6;NO_INFORMA;credito;NO;Perdido
HX-01387;4/06/2026;Meta Ads;EMP-01;PV-005;Suzuki Gixxer 150;11990000;2;1;SI;no_informa;SI;Cerrado
HX-01388;15/03/2026;Meta Ads;EMP-03;PV-011;Honda Navi;7290000;72;3;SI;no_informa;NO;Perdido
HX-01389;4/05/2026;Meta Ads;EMP-01;PV-001;Suzuki GN 125;7490000;8;3;NO_INFORMA;credito;NO;Perdido
HX-01390;12/04/2026;WhatsApp;EMP-01;PV-004;Bajaj Dominar 400;24900000;48;1;SI;no_informa;SI;Cerrado
HX-01391;15/07/2026;WhatsApp;EMP-03;PV-012;Suzuki Best 125;6590000;72;6;SI;credito;NO;Perdido
HX-01392;25/04/2026;Meta Ads;EMP-03;PV-015;AKT TTR 200;9890000;72;4;NO_INFORMA;credito;NO;Perdido
HX-01393;26/07/2026;WhatsApp;EMP-03;PV-013;Bajaj Pulsar RS 200;15490000;48;7;SI;credito;NO;Perdido
HX-01394;4/07/2026;Meta Ads;EMP-02;PV-010;AKT Evo RS 150;7190000;2;2;NO_INFORMA;contado;SI;Perdido
HX-01395;19/05/2026;WhatsApp;EMP-03;PV-012;Suzuki Best 125;6590000;1;2;SI;no_informa;NO;Perdido
HX-01396;10/06/2026;Meta Ads;EMP-02;PV-006;Bajaj Pulsar RS 200;15490000;72;5;SI;credito;SI;Perdido
HX-01397;7/03/2026;WhatsApp;EMP-03;PV-013;Honda Dio 110;6890000;4;6;NO_INFORMA;contado;NO;Perdido
HX-01398;8/04/2026;WhatsApp;EMP-01;PV-002;Bajaj Pulsar RS 200;15490000;;0;SI;credito;NO;Sin gestión
HX-01399;24/05/2026;WhatsApp;EMP-03;PV-012;Bajaj Dominar 400;24900000;48;1;SI;credito;NO;Perdido
HX-01400;20/04/2026;WhatsApp;EMP-01;PV-001;Suzuki Gixxer 150;11990000;;0;NO_INFORMA;credito;NO;Sin gestión
HX-01401;19/07/2026;Formulario Web;EMP-03;PV-011;Suzuki Best 125;6590000;8;7;SI;no_informa;SI;Cerrado
HX-01402;8/04/2026;Meta Ads;EMP-02;PV-010;Suzuki Best 125;6590000;0.5;5;NO_INFORMA;contado;SI;Cerrado
HX-01403;30/05/2026;WhatsApp;EMP-02;PV-006;Suzuki Gixxer 150;11990000;120;5;NO_INFORMA;contado;NO;Perdido
HX-01404;2/07/2026;Meta Ads;EMP-02;PV-006;AKT Dynamic R3 125;5590000;1;7;SI;credito;NO;Perdido
HX-01405;12/04/2026;WhatsApp;EMP-03;PV-014;Honda XRE 300;22900000;120;1;NO;contado;SI;Perdido
HX-01406;18/03/2026;Meta Ads;EMP-02;PV-008;Bajaj Dominar 400;24900000;120;6;SI;credito;SI;Perdido
HX-01407;5/04/2026;WhatsApp;EMP-03;PV-012;Bajaj Dominar 400;24900000;1;7;SI;no_informa;NO;Perdido
HX-01408;15/03/2026;Formulario Web;EMP-02;PV-010;Bajaj Pulsar RS 200;15490000;16;2;SI;contado;SI;Perdido
HX-01409;21/07/2026;Formulario Web;EMP-02;PV-006;Hero Dash 110;6290000;0.5;7;SI;no_informa;NO;Cerrado
HX-01410;11/03/2026;WhatsApp;EMP-02;PV-006;Suzuki GN 125;7490000;1;1;NO_INFORMA;credito;NO;Perdido
HX-01411;13/06/2026;Meta Ads;EMP-02;PV-007;Suzuki Best 125;6590000;48;1;SI;credito;NO;Perdido
HX-01412;7/07/2026;WhatsApp;EMP-03;PV-012;Bajaj Discover 125;6990000;0.5;1;SI;credito;NO;Perdido
HX-01413;9/06/2026;WhatsApp;EMP-01;PV-002;AKT NKD 125;5290000;120;2;SI;credito;NO;Perdido
HX-01414;3/06/2026;Meta Ads;EMP-03;PV-015;Hero Xpulse 200;14990000;4;4;NO;credito;SI;Perdido
HX-01415;24/05/2026;WhatsApp;EMP-03;PV-011;Hero Hunk 160R;10490000;2;5;NO;credito;NO;Perdido
HX-01416;4/07/2026;Meta Ads;EMP-03;PV-012;Suzuki GN 125;7490000;4;4;NO;credito;SI;Cerrado
HX-01417;6/06/2026;WhatsApp;EMP-02;PV-006;Bajaj Pulsar NS 125;8990000;120;4;NO;contado;NO;Perdido
HX-01418;6/04/2026;Formulario Web;EMP-02;PV-007;Honda Navi;7290000;120;2;NO_INFORMA;contado;NO;Perdido
HX-01419;11/07/2026;Meta Ads;EMP-02;PV-010;AKT Evo RS 150;7190000;120;3;SI;credito;SI;Perdido
HX-01420;22/05/2026;WhatsApp;EMP-03;PV-013;Honda XR 150L;11490000;24;5;NO_INFORMA;contado;NO;Cerrado
HX-01421;2/06/2026;Meta Ads;EMP-01;PV-001;Hero Eco Deluxe 100;4990000;16;7;NO;credito;SI;Perdido
HX-01422;23/05/2026;WhatsApp;EMP-03;PV-011;Hero Xpulse 200;14990000;2;4;SI;credito;NO;Perdido
HX-01423;8/05/2026;Formulario Web;EMP-03;PV-014;AKT Dynamic R3 125;5590000;;0;NO;credito;NO;Sin gestión
HX-01424;29/05/2026;Formulario Web;EMP-02;PV-010;Bajaj Discover 125;6990000;1;6;NO;credito;SI;Perdido
HX-01425;6/06/2026;Meta Ads;EMP-01;PV-005;Bajaj Pulsar NS 125;8990000;24;5;SI;no_informa;NO;Perdido
HX-01426;4/07/2026;Meta Ads;EMP-03;PV-011;Bajaj Pulsar NS 160;11290000;24;3;SI;credito;NO;Perdido
HX-01427;17/07/2026;Meta Ads;EMP-01;PV-004;Honda Dio 110;6890000;48;1;NO;credito;SI;Perdido
HX-01428;26/05/2026;Meta Ads;EMP-01;PV-005;Honda CB 190R;13990000;;0;SI;credito;NO;Sin gestión
HX-01429;28/05/2026;WhatsApp;EMP-01;PV-005;Suzuki Gixxer 150;11990000;24;6;SI;credito;SI;Perdido
HX-01430;4/06/2026;Formulario Web;EMP-01;PV-002;Bajaj Pulsar NS 160;11290000;;0;NO_INFORMA;credito;NO;Sin gestión
HX-01431;15/04/2026;Meta Ads;EMP-03;PV-011;Honda CB 190R;13990000;24;2;NO;contado;NO;Perdido
HX-01432;8/07/2026;Meta Ads;EMP-01;PV-002;Honda CB 190R;13990000;72;7;NO_INFORMA;credito;SI;Cerrado
HX-01433;20/04/2026;WhatsApp;EMP-01;PV-003;Bajaj Discover 125;6990000;;0;SI;credito;SI;Sin gestión
HX-01434;17/07/2026;WhatsApp;EMP-03;PV-011;Hero Eco Deluxe 100;4990000;4;1;SI;credito;NO;Perdido
HX-01435;20/07/2026;Meta Ads;EMP-01;PV-005;Honda XR 150L;11490000;4;1;NO_INFORMA;no_informa;NO;Perdido
HX-01436;12/03/2026;WhatsApp;EMP-02;PV-008;AKT NKD 125;5290000;0.5;4;NO;credito;NO;Perdido
HX-01437;27/04/2026;Meta Ads;EMP-02;PV-007;Bajaj Boxer CT 100;5790000;72;7;SI;credito;SI;Perdido
HX-01438;6/06/2026;Meta Ads;EMP-02;PV-010;Hero Hunk 160R;10490000;2;2;NO_INFORMA;contado;NO;Perdido
HX-01439;5/04/2026;Formulario Web;EMP-02;PV-007;Bajaj Pulsar RS 200;15490000;16;3;NO;credito;NO;Perdido
HX-01440;8/06/2026;Meta Ads;EMP-03;PV-011;Bajaj Pulsar NS 125;8990000;24;3;NO;no_informa;NO;Perdido
HX-01441;10/05/2026;WhatsApp;EMP-01;PV-001;Bajaj Dominar 400;24900000;;0;SI;credito;SI;Sin gestión
HX-01442;26/04/2026;WhatsApp;EMP-02;PV-010;Honda Dio 110;6890000;2;1;NO;credito;SI;Perdido
HX-01443;7/03/2026;WhatsApp;EMP-03;PV-011;Bajaj Pulsar RS 200;15490000;48;2;NO_INFORMA;contado;NO;Cerrado
HX-01444;21/03/2026;WhatsApp;EMP-03;PV-015;Suzuki Gixxer 150;11990000;48;4;NO;contado;NO;Perdido
HX-01445;10/05/2026;Formulario Web;EMP-01;PV-001;Bajaj Boxer CT 100;5790000;24;2;NO_INFORMA;credito;NO;Perdido
HX-01446;24/07/2026;Meta Ads;EMP-02;PV-007;Hero Dash 110;6290000;4;5;NO;no_informa;SI;Perdido
HX-01447;19/07/2026;WhatsApp;EMP-01;PV-005;Bajaj Dominar 400;24900000;24;4;NO;no_informa;NO;Perdido
HX-01448;18/04/2026;Meta Ads;EMP-02;PV-006;Honda XR 150L;11490000;1;3;NO_INFORMA;credito;NO;Cerrado
HX-01449;8/06/2026;WhatsApp;EMP-03;PV-014;AKT Evo RS 150;7190000;24;3;NO;credito;NO;Perdido
HX-01450;17/07/2026;Formulario Web;EMP-01;PV-004;AKT NKD 125;5290000;72;2;SI;credito;NO;Perdido
HX-01451;7/07/2026;Meta Ads;EMP-03;PV-014;AKT NKD 125;5290000;24;7;SI;contado;SI;Perdido
HX-01452;11/03/2026;WhatsApp;EMP-02;PV-008;Hero Hunk 160R;10490000;1;1;SI;credito;NO;Perdido
HX-01453;14/05/2026;WhatsApp;EMP-02;PV-008;Honda XR 150L;11490000;8;4;NO_INFORMA;credito;NO;Perdido
HX-01454;6/03/2026;Meta Ads;EMP-01;PV-004;Bajaj Pulsar RS 200;15490000;2;7;NO;no_informa;NO;Cerrado
HX-01455;21/06/2026;WhatsApp;EMP-01;PV-001;Honda CB 125F Twister;7990000;16;6;NO;no_informa;NO;Perdido
HX-01456;20/04/2026;Formulario Web;EMP-02;PV-006;Hero Dash 110;6290000;0.5;5;NO;credito;NO;Perdido
HX-01457;22/07/2026;Meta Ads;EMP-01;PV-004;Suzuki V-Strom 250;21900000;72;7;NO;contado;SI;Perdido
HX-01458;6/06/2026;Meta Ads;EMP-01;PV-002;Honda CB 125F Twister;7990000;8;2;SI;credito;NO;Perdido
HX-01459;7/04/2026;WhatsApp;EMP-03;PV-014;Honda Dio 110;6890000;4;6;NO;credito;SI;Cerrado
HX-01460;25/03/2026;Meta Ads;EMP-03;PV-012;AKT Dynamic R3 125;5590000;48;7;SI;credito;NO;Perdido
HX-01461;21/03/2026;Formulario Web;EMP-02;PV-006;Hero Dash 110;6290000;1;6;SI;credito;NO;Perdido
HX-01462;11/06/2026;Meta Ads;EMP-02;PV-009;Bajaj Pulsar NS 160;11290000;8;1;NO;no_informa;NO;Perdido
HX-01463;7/06/2026;Meta Ads;EMP-01;PV-005;Suzuki GN 125;7490000;120;5;SI;credito;NO;Perdido
HX-01464;29/05/2026;WhatsApp;EMP-01;PV-002;Hero Hunk 160R;10490000;0.5;4;SI;contado;SI;Perdido
HX-01465;25/07/2026;Meta Ads;EMP-01;PV-001;Honda Navi;7290000;48;1;NO;credito;NO;Perdido
HX-01466;20/04/2026;Meta Ads;EMP-02;PV-008;Honda XRE 300;22900000;16;7;NO;credito;SI;Perdido
HX-01467;15/06/2026;WhatsApp;EMP-01;PV-005;Suzuki Best 125;6590000;;0;NO_INFORMA;credito;SI;Sin gestión
HX-01468;9/04/2026;Formulario Web;EMP-03;PV-012;Hero Xpulse 200;14990000;24;7;NO_INFORMA;credito;SI;Perdido
HX-01469;18/03/2026;Formulario Web;EMP-03;PV-011;Bajaj Pulsar NS 125;8990000;4;1;SI;no_informa;NO;Perdido
HX-01470;27/04/2026;WhatsApp;EMP-02;PV-010;AKT Dynamic R3 125;5590000;24;6;SI;credito;SI;Perdido
HX-01471;12/03/2026;Meta Ads;EMP-03;PV-015;Honda CB 125F Twister;7990000;0.5;1;NO;contado;SI;Perdido
HX-01472;27/03/2026;WhatsApp;EMP-03;PV-011;Bajaj Pulsar NS 125;8990000;16;2;NO;credito;SI;Perdido
HX-01473;22/06/2026;WhatsApp;EMP-03;PV-011;AKT NKD 125;5290000;;0;SI;no_informa;NO;Sin gestión
HX-01474;25/06/2026;Meta Ads;EMP-02;PV-006;Honda CB 125F Twister;7990000;16;7;NO_INFORMA;credito;SI;Perdido
HX-01475;30/03/2026;Formulario Web;EMP-02;PV-010;AKT Dynamic R3 125;5590000;2;5;SI;credito;SI;Perdido
HX-01476;4/06/2026;WhatsApp;EMP-01;PV-003;AKT Dynamic R3 125;5590000;1;5;NO;no_informa;NO;Perdido
HX-01477;24/06/2026;WhatsApp;EMP-03;PV-014;Suzuki Best 125;6590000;16;2;NO_INFORMA;credito;NO;Perdido
HX-01478;26/07/2026;WhatsApp;EMP-03;PV-012;Bajaj Dominar 400;24900000;4;7;SI;credito;NO;Perdido
HX-01479;5/07/2026;Formulario Web;EMP-02;PV-007;Hero Hunk 160R;10490000;48;2;SI;credito;NO;Perdido
HX-01480;3/04/2026;WhatsApp;EMP-02;PV-008;Bajaj Pulsar RS 200;15490000;;0;NO;credito;NO;Sin gestión
HX-01481;23/06/2026;WhatsApp;EMP-01;PV-002;AKT NKD 125;5290000;2;3;NO_INFORMA;credito;NO;Perdido
HX-01482;30/06/2026;WhatsApp;EMP-01;PV-003;Hero Dash 110;6290000;24;6;SI;credito;NO;Perdido
HX-01483;12/06/2026;WhatsApp;EMP-01;PV-001;Suzuki Best 125;6590000;72;3;SI;no_informa;NO;Cerrado
HX-01484;24/07/2026;Meta Ads;EMP-01;PV-004;Bajaj Pulsar NS 125;8990000;72;7;SI;no_informa;SI;Perdido
HX-01485;30/03/2026;Meta Ads;EMP-03;PV-014;Suzuki V-Strom 250;21900000;;0;SI;no_informa;NO;Sin gestión
HX-01486;15/06/2026;WhatsApp;EMP-01;PV-003;Bajaj Pulsar NS 160;11290000;16;2;NO_INFORMA;credito;NO;Perdido
HX-01487;11/04/2026;WhatsApp;EMP-02;PV-007;Honda XRE 300;22900000;2;3;SI;credito;NO;Perdido
HX-01488;20/06/2026;Meta Ads;EMP-02;PV-006;Honda CB 125F Twister;7990000;48;1;NO;credito;NO;Perdido
HX-01489;23/03/2026;Formulario Web;EMP-03;PV-014;Honda CB 190R;13990000;16;6;SI;contado;NO;Perdido
HX-01490;8/03/2026;Formulario Web;EMP-02;PV-009;Honda CB 190R;13990000;2;2;SI;credito;SI;Perdido
HX-01491;26/06/2026;WhatsApp;EMP-02;PV-006;Suzuki Best 125;6590000;24;6;SI;no_informa;NO;Perdido
HX-01492;15/04/2026;Meta Ads;EMP-02;PV-010;Bajaj Pulsar NS 160;11290000;0.5;1;NO;credito;NO;Perdido
HX-01493;2/04/2026;WhatsApp;EMP-01;PV-003;AKT NKD 125;5290000;72;1;SI;credito;SI;Perdido
HX-01494;2/04/2026;Meta Ads;EMP-01;PV-004;Honda CB 190R;13990000;1;6;NO_INFORMA;credito;SI;Perdido
HX-01495;27/04/2026;Formulario Web;EMP-03;PV-011;AKT Dynamic R3 125;5590000;24;5;NO;credito;NO;Cerrado
HX-01496;15/06/2026;WhatsApp;EMP-03;PV-015;Hero Xpulse 200;14990000;72;5;SI;no_informa;NO;Perdido
HX-01497;29/03/2026;Formulario Web;EMP-01;PV-002;Bajaj Pulsar RS 200;15490000;2;7;SI;credito;SI;Perdido
HX-01498;1/07/2026;Meta Ads;EMP-02;PV-007;Honda XRE 300;22900000;;0;NO_INFORMA;contado;NO;Sin gestión
HX-01499;2/04/2026;Meta Ads;EMP-01;PV-002;Suzuki Gixxer 150;11990000;16;1;NO_INFORMA;contado;NO;Cerrado
HX-01500;20/07/2026;WhatsApp;EMP-03;PV-013;Honda XR 150L;11490000;4;1;NO;no_informa;NO;Perdido
HX-01501;2/03/2026;Meta Ads;EMP-01;PV-002;Suzuki Gixxer 150;11990000;2;4;NO;credito;SI;Perdido
HX-01502;15/05/2026;Meta Ads;EMP-01;PV-002;Suzuki Gixxer 150;11990000;24;1;NO;credito;NO;Perdido
HX-01503;18/04/2026;WhatsApp;EMP-02;PV-009;Honda XRE 300;22900000;;0;SI;credito;NO;Sin gestión
HX-01504;12/07/2026;WhatsApp;EMP-02;PV-009;Honda CB 125F Twister;7990000;8;2;SI;no_informa;NO;Perdido
HX-01505;10/04/2026;WhatsApp;EMP-01;PV-003;Suzuki GN 125;7490000;2;6;NO;credito;NO;Perdido
HX-01506;8/06/2026;WhatsApp;EMP-02;PV-006;Honda Dio 110;6890000;16;2;NO;credito;SI;Perdido
HX-01507;28/05/2026;Formulario Web;EMP-03;PV-015;Hero Eco Deluxe 100;4990000;0.5;3;NO;credito;NO;Perdido
HX-01508;20/06/2026;Formulario Web;EMP-02;PV-008;Bajaj Pulsar RS 200;15490000;2;3;NO_INFORMA;contado;NO;Perdido
HX-01509;11/07/2026;WhatsApp;EMP-01;PV-003;Hero Hunk 160R;10490000;2;2;NO_INFORMA;no_informa;SI;Cerrado
HX-01510;22/03/2026;WhatsApp;EMP-03;PV-013;Bajaj Dominar 400;24900000;16;3;NO_INFORMA;credito;NO;Perdido
HX-01511;6/03/2026;WhatsApp;EMP-01;PV-004;Bajaj Boxer CT 100;5790000;24;3;SI;contado;NO;Perdido
HX-01512;9/07/2026;Meta Ads;EMP-02;PV-010;Hero Eco Deluxe 100;4990000;24;3;NO_INFORMA;contado;NO;Perdido
HX-01513;19/05/2026;Meta Ads;EMP-01;PV-001;Honda XRE 300;22900000;16;7;SI;credito;NO;Perdido
HX-01514;28/03/2026;WhatsApp;EMP-02;PV-006;Honda CB 190R;13990000;48;6;SI;credito;SI;Perdido
HX-01515;25/04/2026;WhatsApp;EMP-02;PV-006;Honda XRE 300;22900000;72;5;NO;credito;NO;Perdido
HX-01516;19/04/2026;Meta Ads;EMP-03;PV-012;Bajaj Boxer CT 100;5790000;72;3;NO;contado;NO;Perdido
HX-01517;10/05/2026;WhatsApp;EMP-01;PV-001;Bajaj Pulsar NS 160;11290000;;0;NO;no_informa;NO;Sin gestión
HX-01518;17/03/2026;WhatsApp;EMP-02;PV-010;AKT Dynamic R3 125;5590000;4;3;SI;credito;NO;Perdido
HX-01519;7/06/2026;Meta Ads;EMP-02;PV-006;Bajaj Discover 125;6990000;2;7;SI;credito;SI;Perdido
HX-01520;11/04/2026;Meta Ads;EMP-01;PV-003;Honda CB 190R;13990000;72;3;NO;credito;NO;Perdido
HX-01521;27/07/2026;Formulario Web;EMP-02;PV-007;Honda XRE 300;22900000;2;3;NO;credito;NO;Perdido
HX-01522;7/03/2026;WhatsApp;EMP-02;PV-010;Hero Eco Deluxe 100;4990000;8;2;SI;no_informa;NO;Perdido
HX-01523;19/03/2026;WhatsApp;EMP-03;PV-012;Suzuki Gixxer 150;11990000;1;5;NO;credito;SI;Perdido
HX-01524;14/04/2026;Formulario Web;EMP-01;PV-004;AKT TTR 200;9890000;72;1;NO;credito;NO;Perdido
HX-01525;14/04/2026;Formulario Web;EMP-03;PV-015;Suzuki Best 125;6590000;4;5;SI;credito;SI;Perdido
HX-01526;22/04/2026;WhatsApp;EMP-02;PV-010;Suzuki GN 125;7490000;;0;SI;credito;SI;Sin gestión
HX-01527;14/03/2026;Meta Ads;EMP-02;PV-009;Honda XRE 300;22900000;1;5;NO;no_informa;NO;Cerrado
HX-01528;16/04/2026;Meta Ads;EMP-03;PV-013;Hero Hunk 160R;10490000;72;7;NO_INFORMA;contado;NO;Perdido
HX-01529;20/05/2026;WhatsApp;EMP-02;PV-009;Bajaj Pulsar RS 200;15490000;0.5;2;NO;contado;NO;Perdido
HX-01530;13/06/2026;Formulario Web;EMP-03;PV-013;Suzuki V-Strom 250;21900000;1;4;NO_INFORMA;credito;NO;Perdido
HX-01531;27/07/2026;Meta Ads;EMP-01;PV-002;Honda XR 150L;11490000;24;6;NO_INFORMA;credito;NO;Perdido
HX-01532;2/06/2026;WhatsApp;EMP-03;PV-012;Bajaj Dominar 400;24900000;4;7;NO_INFORMA;no_informa;SI;Perdido
HX-01533;27/07/2026;WhatsApp;EMP-03;PV-015;Hero Eco Deluxe 100;4990000;0.5;5;SI;credito;NO;Perdido
HX-01534;11/03/2026;WhatsApp;EMP-02;PV-006;Honda Dio 110;6890000;24;2;NO;credito;SI;Perdido
HX-01535;1/04/2026;WhatsApp;EMP-03;PV-013;Bajaj Pulsar RS 200;15490000;48;4;NO;credito;NO;Perdido
HX-01536;14/06/2026;WhatsApp;EMP-01;PV-003;Honda XRE 300;22900000;0.5;3;NO;credito;NO;Perdido
HX-01537;8/03/2026;WhatsApp;EMP-03;PV-013;Suzuki Gixxer 150;11990000;1;6;SI;credito;NO;Perdido
HX-01538;10/05/2026;Formulario Web;EMP-02;PV-009;Honda CB 125F Twister;7990000;4;6;SI;contado;NO;Perdido
HX-01539;11/06/2026;Meta Ads;EMP-02;PV-009;AKT NKD 125;5290000;4;4;SI;credito;NO;Perdido
HX-01540;24/03/2026;WhatsApp;EMP-01;PV-004;Bajaj Dominar 400;24900000;48;4;NO;contado;NO;Perdido
HX-01541;27/06/2026;WhatsApp;EMP-02;PV-006;Suzuki V-Strom 250;21900000;48;5;NO_INFORMA;credito;NO;Perdido
HX-01542;13/06/2026;WhatsApp;EMP-01;PV-005;Honda Navi;7290000;24;7;NO;contado;NO;Perdido
HX-01543;3/05/2026;WhatsApp;EMP-01;PV-001;Bajaj Pulsar NS 125;8990000;16;6;SI;credito;NO;Perdido
HX-01544;19/05/2026;WhatsApp;EMP-03;PV-015;Hero Eco Deluxe 100;4990000;16;5;SI;contado;NO;Perdido
HX-01545;8/03/2026;WhatsApp;EMP-02;PV-010;Honda XR 150L;11490000;1;1;NO;credito;SI;Perdido
HX-01546;9/04/2026;WhatsApp;EMP-01;PV-003;Hero Dash 110;6290000;24;4;SI;credito;NO;Cerrado
HX-01547;4/04/2026;WhatsApp;EMP-01;PV-004;Suzuki Best 125;6590000;1;7;SI;no_informa;NO;Cerrado
HX-01548;10/03/2026;WhatsApp;EMP-01;PV-004;Bajaj Pulsar RS 200;15490000;;0;SI;credito;NO;Sin gestión
HX-01549;15/06/2026;WhatsApp;EMP-02;PV-008;Suzuki Gixxer 150;11990000;16;5;SI;credito;NO;Perdido
HX-01550;22/04/2026;Formulario Web;EMP-01;PV-001;Hero Xpulse 200;14990000;4;3;SI;contado;NO;Cerrado
HX-01551;30/06/2026;Formulario Web;EMP-03;PV-015;Hero Xpulse 200;14990000;;0;NO;credito;NO;Sin gestión
HX-01552;10/06/2026;Meta Ads;EMP-03;PV-011;Bajaj Boxer CT 100;5790000;1;5;NO_INFORMA;credito;NO;Perdido
HX-01553;3/06/2026;Meta Ads;EMP-01;PV-004;Bajaj Pulsar NS 125;8990000;1;4;NO_INFORMA;contado;NO;Perdido
HX-01554;2/03/2026;WhatsApp;EMP-01;PV-004;Hero Xpulse 200;14990000;1;1;SI;credito;NO;Perdido
HX-01555;8/05/2026;Meta Ads;EMP-02;PV-007;AKT NKD 125;5290000;8;7;NO_INFORMA;credito;SI;Perdido
HX-01556;1/05/2026;Formulario Web;EMP-02;PV-010;Suzuki V-Strom 250;21900000;8;2;SI;credito;SI;Perdido
HX-01557;27/04/2026;WhatsApp;EMP-03;PV-013;Hero Eco Deluxe 100;4990000;1;4;NO_INFORMA;credito;SI;Cerrado
HX-01558;8/03/2026;Meta Ads;EMP-03;PV-014;Honda Dio 110;6890000;48;1;NO;credito;NO;Cerrado
HX-01559;9/06/2026;WhatsApp;EMP-01;PV-002;Bajaj Dominar 400;24900000;;0;SI;credito;NO;Sin gestión
HX-01560;10/06/2026;WhatsApp;EMP-02;PV-010;Hero Dash 110;6290000;4;6;NO_INFORMA;no_informa;NO;Perdido
HX-01561;1/03/2026;Formulario Web;EMP-03;PV-011;Hero Hunk 160R;10490000;16;2;SI;no_informa;SI;Perdido
HX-01562;20/03/2026;Meta Ads;EMP-01;PV-005;Honda CB 125F Twister;7990000;;0;NO_INFORMA;credito;SI;Sin gestión
HX-01563;2/04/2026;WhatsApp;EMP-01;PV-001;Honda CB 125F Twister;7990000;48;7;SI;credito;NO;Perdido
HX-01564;3/07/2026;WhatsApp;EMP-03;PV-015;Bajaj Pulsar NS 125;8990000;1;4;SI;credito;SI;Perdido
HX-01565;30/06/2026;Meta Ads;EMP-03;PV-011;Hero Eco Deluxe 100;4990000;72;2;NO;credito;SI;Perdido
HX-01566;14/05/2026;Formulario Web;EMP-03;PV-015;Hero Xpulse 200;14990000;72;4;NO;credito;NO;Perdido
HX-01567;25/07/2026;Meta Ads;EMP-01;PV-002;Suzuki V-Strom 250;21900000;16;3;NO;credito;NO;Perdido
HX-01568;23/04/2026;WhatsApp;EMP-03;PV-013;Bajaj Discover 125;6990000;4;4;NO;contado;NO;Perdido
HX-01569;8/03/2026;WhatsApp;EMP-02;PV-009;Bajaj Pulsar NS 125;8990000;1;1;SI;contado;SI;Perdido
HX-01570;23/05/2026;WhatsApp;EMP-01;PV-002;Honda Dio 110;6890000;48;6;NO;contado;NO;Perdido
HX-01571;17/04/2026;WhatsApp;EMP-01;PV-004;Suzuki V-Strom 250;21900000;8;5;SI;no_informa;NO;Perdido
HX-01572;26/04/2026;Meta Ads;EMP-02;PV-008;Bajaj Pulsar NS 160;11290000;1;6;SI;credito;SI;Perdido
HX-01573;1/06/2026;WhatsApp;EMP-03;PV-012;Honda CB 125F Twister;7990000;24;3;NO_INFORMA;credito;NO;Perdido
HX-01574;27/05/2026;Formulario Web;EMP-01;PV-004;Bajaj Pulsar NS 125;8990000;8;7;SI;no_informa;NO;Perdido
HX-01575;10/06/2026;Formulario Web;EMP-01;PV-004;AKT Evo RS 150;7190000;24;2;NO;contado;NO;Perdido
HX-01576;28/05/2026;Meta Ads;EMP-01;PV-001;Honda CB 125F Twister;7990000;4;3;NO;credito;SI;Perdido
HX-01577;28/06/2026;Formulario Web;EMP-02;PV-009;Suzuki Gixxer 150;11990000;0.5;5;NO_INFORMA;no_informa;SI;Perdido
HX-01578;26/05/2026;WhatsApp;EMP-01;PV-001;Hero Dash 110;6290000;8;2;SI;credito;NO;Perdido
HX-01579;29/03/2026;Meta Ads;EMP-03;PV-011;Hero Eco Deluxe 100;4990000;1;3;NO_INFORMA;contado;NO;Cerrado
HX-01580;25/04/2026;WhatsApp;EMP-01;PV-001;Honda CB 190R;13990000;1;6;NO_INFORMA;no_informa;NO;Perdido
HX-01581;7/03/2026;WhatsApp;EMP-03;PV-013;Honda CB 190R;13990000;;0;NO_INFORMA;credito;NO;Sin gestión
HX-01582;20/04/2026;Meta Ads;EMP-02;PV-010;Bajaj Dominar 400;24900000;8;7;SI;credito;NO;Perdido
HX-01583;9/04/2026;WhatsApp;EMP-03;PV-014;Suzuki V-Strom 250;21900000;2;3;NO;contado;NO;Perdido
HX-01584;26/04/2026;WhatsApp;EMP-02;PV-006;Hero Dash 110;6290000;1;7;SI;no_informa;NO;Perdido
HX-01585;14/04/2026;Formulario Web;EMP-03;PV-012;Bajaj Pulsar NS 125;8990000;48;4;NO;credito;NO;Perdido
HX-01586;7/03/2026;WhatsApp;EMP-01;PV-004;Suzuki GN 125;7490000;48;6;NO;no_informa;NO;Perdido
HX-01587;8/07/2026;WhatsApp;EMP-01;PV-001;Hero Eco Deluxe 100;4990000;4;2;NO;credito;SI;Perdido
HX-01588;2/03/2026;Formulario Web;EMP-02;PV-007;AKT TTR 200;9890000;72;3;SI;contado;SI;Perdido
HX-01589;6/04/2026;WhatsApp;EMP-01;PV-004;AKT TTR 200;9890000;8;4;NO_INFORMA;credito;NO;Perdido
HX-01590;19/03/2026;WhatsApp;EMP-02;PV-009;Bajaj Pulsar RS 200;15490000;1;6;SI;credito;NO;Cerrado
HX-01591;19/07/2026;WhatsApp;EMP-01;PV-005;Suzuki Gixxer 150;11990000;0.5;2;NO;credito;SI;Perdido
HX-01592;24/06/2026;Meta Ads;EMP-02;PV-010;Suzuki Gixxer 150;11990000;16;2;NO;contado;NO;Perdido
HX-01593;24/03/2026;WhatsApp;EMP-02;PV-007;Bajaj Pulsar NS 125;8990000;2;5;NO_INFORMA;credito;NO;Perdido
HX-01594;21/06/2026;WhatsApp;EMP-01;PV-001;Bajaj Pulsar NS 160;11290000;4;2;SI;credito;SI;Cerrado
HX-01595;14/03/2026;WhatsApp;EMP-03;PV-013;Bajaj Discover 125;6990000;16;2;NO_INFORMA;contado;NO;Perdido
HX-01596;24/04/2026;Meta Ads;EMP-03;PV-014;AKT NKD 125;5290000;2;4;SI;credito;SI;Perdido
HX-01597;13/07/2026;Formulario Web;EMP-01;PV-002;Honda CB 125F Twister;7990000;72;2;NO_INFORMA;credito;SI;Perdido
HX-01598;20/06/2026;WhatsApp;EMP-03;PV-011;Honda CB 125F Twister;7990000;0.5;2;SI;no_informa;NO;Perdido
HX-01599;11/07/2026;Meta Ads;EMP-01;PV-002;Honda CB 190R;13990000;48;1;NO;credito;NO;Perdido
HX-01600;30/06/2026;WhatsApp;EMP-03;PV-011;Honda Navi;7290000;8;6;SI;no_informa;NO;Perdido
HX-01601;2/04/2026;Meta Ads;EMP-03;PV-011;Suzuki V-Strom 250;21900000;48;3;NO;credito;SI;Perdido
HX-01602;18/06/2026;Formulario Web;EMP-02;PV-006;Honda CB 190R;13990000;8;4;SI;no_informa;NO;Perdido
HX-01603;8/03/2026;WhatsApp;EMP-01;PV-005;Honda CB 190R;13990000;4;7;NO;credito;NO;Perdido
HX-01604;28/06/2026;WhatsApp;EMP-02;PV-010;AKT Evo RS 150;7190000;72;6;NO;credito;SI;Perdido
HX-01605;4/05/2026;WhatsApp;EMP-01;PV-002;Suzuki Gixxer 150;11990000;4;6;NO_INFORMA;contado;SI;Perdido
HX-01606;25/04/2026;WhatsApp;EMP-03;PV-013;Hero Hunk 160R;10490000;4;4;SI;credito;NO;Perdido
HX-01607;10/05/2026;WhatsApp;EMP-02;PV-008;Bajaj Discover 125;6990000;4;5;NO;credito;NO;Perdido
HX-01608;21/07/2026;Meta Ads;EMP-02;PV-006;Suzuki Gixxer 150;11990000;16;4;NO;credito;NO;Perdido
HX-01609;27/04/2026;Meta Ads;EMP-02;PV-007;Hero Eco Deluxe 100;4990000;1;4;NO;no_informa;NO;Perdido
HX-01610;4/07/2026;WhatsApp;EMP-01;PV-004;Suzuki Gixxer 150;11990000;4;7;SI;contado;NO;Perdido
HX-01611;29/03/2026;WhatsApp;EMP-02;PV-008;Honda XR 150L;11490000;72;5;SI;no_informa;NO;Perdido
HX-01612;12/06/2026;Meta Ads;EMP-02;PV-009;Hero Hunk 160R;10490000;2;6;SI;credito;NO;Perdido
HX-01613;12/06/2026;WhatsApp;EMP-01;PV-003;Bajaj Pulsar NS 160;11290000;8;4;NO_INFORMA;credito;SI;Perdido
HX-01614;10/04/2026;WhatsApp;EMP-03;PV-013;AKT Dynamic R3 125;5590000;72;7;NO_INFORMA;contado;SI;Perdido
HX-01615;23/04/2026;WhatsApp;EMP-03;PV-015;AKT Dynamic R3 125;5590000;1;6;NO_INFORMA;credito;SI;Perdido
HX-01616;8/06/2026;Meta Ads;EMP-01;PV-003;Bajaj Boxer CT 100;5790000;16;4;NO_INFORMA;credito;SI;Perdido
HX-01617;16/03/2026;WhatsApp;EMP-01;PV-003;Suzuki V-Strom 250;21900000;48;6;NO_INFORMA;credito;NO;Perdido
HX-01618;13/05/2026;Formulario Web;EMP-01;PV-003;Suzuki Gixxer 150;11990000;120;7;NO_INFORMA;credito;SI;Perdido
HX-01619;28/05/2026;Meta Ads;EMP-02;PV-006;Hero Dash 110;6290000;8;5;NO;contado;NO;Perdido
HX-01620;5/03/2026;Meta Ads;EMP-03;PV-014;Honda Navi;7290000;4;2;NO;contado;NO;Perdido
HX-01621;18/07/2026;WhatsApp;EMP-02;PV-006;Suzuki V-Strom 250;21900000;1;6;NO;credito;SI;Perdido
HX-01622;19/05/2026;WhatsApp;EMP-03;PV-011;Suzuki Best 125;6590000;0.5;4;NO_INFORMA;credito;SI;Perdido
HX-01623;3/07/2026;Meta Ads;EMP-02;PV-009;Bajaj Dominar 400;24900000;8;3;NO;credito;SI;Perdido
HX-01624;21/03/2026;Formulario Web;EMP-02;PV-007;Suzuki V-Strom 250;21900000;;0;SI;credito;SI;Sin gestión
HX-01625;15/04/2026;WhatsApp;EMP-01;PV-005;Hero Xpulse 200;14990000;4;3;SI;credito;NO;Perdido
HX-01626;31/05/2026;WhatsApp;EMP-02;PV-009;AKT TTR 200;9890000;;0;NO_INFORMA;credito;NO;Sin gestión
HX-01627;7/05/2026;WhatsApp;EMP-02;PV-008;Hero Hunk 160R;10490000;48;3;SI;no_informa;NO;Perdido
HX-01628;15/04/2026;Formulario Web;EMP-01;PV-002;Honda XR 150L;11490000;120;4;NO_INFORMA;contado;SI;Perdido
HX-01629;23/07/2026;Formulario Web;EMP-03;PV-012;Hero Hunk 160R;10490000;8;5;SI;no_informa;NO;Perdido
HX-01630;18/04/2026;Meta Ads;EMP-02;PV-010;Bajaj Discover 125;6990000;4;2;SI;no_informa;NO;Perdido
HX-01631;6/04/2026;WhatsApp;EMP-01;PV-002;Bajaj Dominar 400;24900000;16;2;SI;credito;NO;Perdido
HX-01632;18/07/2026;Meta Ads;EMP-01;PV-005;Honda Dio 110;6890000;48;7;NO_INFORMA;credito;NO;Perdido
HX-01633;30/05/2026;WhatsApp;EMP-01;PV-005;AKT TTR 200;9890000;120;5;NO;contado;NO;Perdido
HX-01634;17/07/2026;Formulario Web;EMP-03;PV-011;Honda XRE 300;22900000;8;5;NO_INFORMA;credito;NO;Perdido
HX-01635;25/07/2026;WhatsApp;EMP-02;PV-008;Bajaj Boxer CT 100;5790000;16;5;SI;credito;NO;Perdido
HX-01636;12/06/2026;WhatsApp;EMP-02;PV-006;Bajaj Pulsar NS 125;8990000;0.5;7;SI;credito;NO;Perdido
HX-01637;5/03/2026;WhatsApp;EMP-03;PV-015;Suzuki GN 125;7490000;;0;NO;credito;NO;Sin gestión
HX-01638;22/07/2026;WhatsApp;EMP-02;PV-008;Honda Dio 110;6890000;16;7;SI;contado;NO;Perdido
HX-01639;20/04/2026;WhatsApp;EMP-01;PV-005;Suzuki GN 125;7490000;;0;SI;no_informa;NO;Sin gestión
HX-01640;17/04/2026;Formulario Web;EMP-03;PV-013;Bajaj Boxer CT 100;5790000;8;6;NO;credito;NO;Perdido
HX-01641;29/06/2026;WhatsApp;EMP-01;PV-005;AKT Dynamic R3 125;5590000;8;5;NO;credito;SI;Perdido
HX-01642;20/05/2026;Meta Ads;EMP-03;PV-014;Honda XR 150L;11490000;16;1;NO;no_informa;SI;Perdido
HX-01643;8/06/2026;Meta Ads;EMP-02;PV-007;Bajaj Pulsar NS 125;8990000;2;2;NO_INFORMA;credito;NO;Perdido
HX-01644;9/07/2026;WhatsApp;EMP-03;PV-011;Suzuki GN 125;7490000;24;7;SI;credito;NO;Cerrado
HX-01645;30/03/2026;WhatsApp;EMP-03;PV-014;AKT Dynamic R3 125;5590000;24;1;NO;contado;NO;Perdido
HX-01646;5/07/2026;Formulario Web;EMP-01;PV-005;Suzuki Best 125;6590000;2;4;NO;credito;NO;Perdido
HX-01647;16/03/2026;Formulario Web;EMP-01;PV-001;Bajaj Pulsar NS 160;11290000;0.5;5;NO_INFORMA;credito;SI;Perdido
HX-01648;4/07/2026;Meta Ads;EMP-01;PV-003;Honda CB 190R;13990000;48;3;NO;credito;NO;Perdido
HX-01649;28/06/2026;WhatsApp;EMP-03;PV-015;Suzuki Gixxer 150;11990000;4;4;NO;no_informa;NO;Perdido
HX-01650;14/04/2026;WhatsApp;EMP-03;PV-014;AKT TTR 200;9890000;48;2;SI;no_informa;SI;Perdido
HX-01651;18/03/2026;Formulario Web;EMP-01;PV-002;Bajaj Discover 125;6990000;1;5;NO;credito;NO;Perdido
HX-01652;8/04/2026;WhatsApp;EMP-02;PV-008;Suzuki GN 125;7490000;48;3;SI;credito;NO;Cerrado
HX-01653;28/04/2026;Formulario Web;EMP-03;PV-012;Hero Hunk 160R;10490000;120;3;NO;credito;NO;Perdido
HX-01654;18/04/2026;WhatsApp;EMP-02;PV-009;AKT Evo RS 150;7190000;16;4;NO;credito;NO;Cerrado
HX-01655;17/06/2026;Meta Ads;EMP-02;PV-009;Hero Dash 110;6290000;48;7;NO_INFORMA;no_informa;SI;Perdido
HX-01656;13/04/2026;WhatsApp;EMP-02;PV-008;Honda CB 125F Twister;7990000;16;6;SI;credito;SI;Perdido
HX-01657;29/04/2026;WhatsApp;EMP-01;PV-002;Honda XRE 300;22900000;8;6;SI;credito;SI;Perdido
HX-01658;21/05/2026;WhatsApp;EMP-03;PV-014;Suzuki V-Strom 250;21900000;1;4;NO;credito;SI;Perdido
HX-01659;21/07/2026;WhatsApp;EMP-01;PV-003;Bajaj Boxer CT 100;5790000;120;1;NO;no_informa;SI;Perdido
HX-01660;27/05/2026;Meta Ads;EMP-03;PV-013;Honda CB 125F Twister;7990000;2;4;NO_INFORMA;credito;NO;Cerrado
HX-01661;1/06/2026;WhatsApp;EMP-01;PV-003;AKT Dynamic R3 125;5590000;2;4;SI;no_informa;NO;Cerrado
HX-01662;17/05/2026;WhatsApp;EMP-01;PV-003;Bajaj Boxer CT 100;5790000;120;4;SI;credito;NO;Cerrado
HX-01663;9/04/2026;Meta Ads;EMP-02;PV-008;Bajaj Boxer CT 100;5790000;16;3;NO;credito;NO;Perdido
HX-01664;3/03/2026;WhatsApp;EMP-01;PV-001;Honda XR 150L;11490000;;0;NO;credito;NO;Sin gestión
HX-01665;12/06/2026;WhatsApp;EMP-01;PV-004;Honda XRE 300;22900000;16;4;NO;credito;NO;Perdido
HX-01666;3/04/2026;Meta Ads;EMP-03;PV-013;Suzuki Gixxer 150;11990000;48;7;NO_INFORMA;contado;NO;Perdido
HX-01667;5/04/2026;Meta Ads;EMP-03;PV-011;Bajaj Boxer CT 100;5790000;24;4;SI;credito;NO;Perdido
HX-01668;8/05/2026;Formulario Web;EMP-03;PV-015;Bajaj Pulsar RS 200;15490000;1;4;NO;no_informa;NO;Cerrado
HX-01669;21/03/2026;Formulario Web;EMP-03;PV-011;Hero Xpulse 200;14990000;4;5;SI;credito;NO;Perdido
HX-01670;27/07/2026;WhatsApp;EMP-01;PV-002;AKT Evo RS 150;7190000;8;1;NO;credito;SI;Perdido
HX-01671;23/04/2026;WhatsApp;EMP-02;PV-010;Suzuki GN 125;7490000;1;1;SI;credito;NO;Perdido
HX-01672;14/05/2026;Meta Ads;EMP-03;PV-012;Suzuki Gixxer 150;11990000;16;4;SI;credito;NO;Cerrado
HX-01673;20/03/2026;WhatsApp;EMP-03;PV-014;Suzuki Best 125;6590000;24;1;SI;credito;NO;Perdido
HX-01674;31/05/2026;WhatsApp;EMP-01;PV-003;Honda Dio 110;6890000;48;6;SI;credito;NO;Perdido
HX-01675;17/06/2026;WhatsApp;EMP-01;PV-005;Honda Navi;7290000;2;7;SI;no_informa;NO;Perdido
HX-01676;30/04/2026;Formulario Web;EMP-01;PV-005;Hero Xpulse 200;14990000;1;7;NO;credito;SI;Perdido
HX-01677;15/07/2026;WhatsApp;EMP-01;PV-004;Suzuki Best 125;6590000;120;7;NO;credito;NO;Perdido
HX-01678;14/04/2026;Meta Ads;EMP-02;PV-010;Suzuki Gixxer 150;11990000;1;5;SI;credito;NO;Perdido
HX-01679;10/04/2026;WhatsApp;EMP-02;PV-007;Bajaj Pulsar NS 125;8990000;48;5;NO;no_informa;SI;Perdido
HX-01680;30/06/2026;Formulario Web;EMP-03;PV-012;Honda Dio 110;6890000;1;2;NO_INFORMA;contado;NO;Perdido
HX-01681;21/05/2026;WhatsApp;EMP-02;PV-006;AKT Evo RS 150;7190000;4;2;SI;credito;NO;Perdido
HX-01682;3/07/2026;Meta Ads;EMP-02;PV-008;Bajaj Dominar 400;24900000;120;2;NO_INFORMA;credito;SI;Perdido
HX-01683;27/04/2026;Meta Ads;EMP-03;PV-013;Honda CB 125F Twister;7990000;4;7;SI;no_informa;NO;Perdido
HX-01684;20/04/2026;WhatsApp;EMP-01;PV-002;AKT TTR 200;9890000;72;7;SI;credito;NO;Perdido
HX-01685;11/05/2026;Formulario Web;EMP-03;PV-012;AKT Evo RS 150;7190000;0.5;6;SI;credito;NO;Perdido
HX-01686;17/06/2026;WhatsApp;EMP-01;PV-003;Honda CB 190R;13990000;1;2;SI;contado;SI;Perdido
HX-01687;17/04/2026;WhatsApp;EMP-02;PV-008;Suzuki GN 125;7490000;;0;SI;credito;SI;Sin gestión
HX-01688;24/05/2026;WhatsApp;EMP-01;PV-005;Suzuki Gixxer 150;11990000;48;7;NO;no_informa;NO;Perdido
HX-01689;2/07/2026;WhatsApp;EMP-02;PV-006;Bajaj Pulsar NS 160;11290000;2;7;NO;credito;NO;Perdido
HX-01690;15/06/2026;Meta Ads;EMP-02;PV-009;Bajaj Dominar 400;24900000;16;6;NO;credito;NO;Perdido
HX-01691;4/05/2026;Meta Ads;EMP-03;PV-015;Bajaj Dominar 400;24900000;4;4;NO;credito;NO;Perdido
HX-01692;30/05/2026;WhatsApp;EMP-03;PV-015;Honda CB 190R;13990000;16;2;NO;contado;NO;Perdido
HX-01693;28/03/2026;WhatsApp;EMP-01;PV-004;Bajaj Discover 125;6990000;2;3;NO;credito;NO;Perdido
HX-01694;20/06/2026;Formulario Web;EMP-03;PV-013;Bajaj Pulsar NS 125;8990000;1;4;NO_INFORMA;credito;NO;Perdido
HX-01695;24/03/2026;Formulario Web;EMP-03;PV-014;Bajaj Pulsar NS 160;11290000;8;3;NO;no_informa;NO;Perdido
HX-01696;12/04/2026;WhatsApp;EMP-03;PV-014;Suzuki Gixxer 150;11990000;2;3;NO;credito;NO;Perdido
HX-01697;26/06/2026;WhatsApp;EMP-03;PV-014;Honda Dio 110;6890000;8;2;NO_INFORMA;contado;NO;Cerrado
HX-01698;8/05/2026;WhatsApp;EMP-03;PV-013;Honda CB 190R;13990000;1;7;SI;credito;NO;Perdido
HX-01699;4/04/2026;WhatsApp;EMP-01;PV-003;Suzuki GN 125;7490000;120;3;SI;contado;NO;Perdido
HX-01700;27/06/2026;WhatsApp;EMP-02;PV-010;Suzuki V-Strom 250;21900000;16;6;SI;credito;SI;Cerrado
HX-01701;1/06/2026;Meta Ads;EMP-03;PV-014;Suzuki GN 125;7490000;;0;SI;no_informa;SI;Sin gestión
HX-01702;17/03/2026;WhatsApp;EMP-02;PV-010;Honda Navi;7290000;2;1;NO;credito;NO;Perdido
HX-01703;30/03/2026;WhatsApp;EMP-01;PV-002;Hero Dash 110;6290000;1;4;NO;credito;SI;Perdido
HX-01704;10/05/2026;Formulario Web;EMP-03;PV-014;Bajaj Pulsar NS 160;11290000;1;4;SI;contado;SI;Cerrado
HX-01705;6/03/2026;WhatsApp;EMP-03;PV-014;Hero Hunk 160R;10490000;120;3;SI;credito;NO;Perdido
HX-01706;1/04/2026;WhatsApp;EMP-02;PV-006;Hero Eco Deluxe 100;4990000;16;2;SI;credito;NO;Perdido
HX-01707;22/03/2026;WhatsApp;EMP-03;PV-012;Honda XRE 300;22900000;1;5;SI;credito;NO;Perdido
HX-01708;31/05/2026;Formulario Web;EMP-02;PV-006;Honda Navi;7290000;2;4;NO;credito;SI;Perdido
HX-01709;9/06/2026;WhatsApp;EMP-03;PV-012;Honda CB 125F Twister;7990000;2;1;NO;credito;NO;Perdido
HX-01710;28/03/2026;Meta Ads;EMP-03;PV-015;Bajaj Pulsar RS 200;15490000;16;4;SI;credito;SI;Perdido
HX-01711;20/07/2026;WhatsApp;EMP-03;PV-013;Bajaj Dominar 400;24900000;1;3;SI;credito;SI;Perdido
HX-01712;10/07/2026;Meta Ads;EMP-02;PV-006;Honda XRE 300;22900000;2;4;NO;contado;NO;Perdido
HX-01713;1/03/2026;WhatsApp;EMP-01;PV-004;Bajaj Pulsar RS 200;15490000;4;5;SI;no_informa;NO;Cerrado
HX-01714;16/03/2026;Formulario Web;EMP-02;PV-007;Bajaj Discover 125;6990000;4;4;SI;credito;SI;Cerrado
HX-01715;22/07/2026;WhatsApp;EMP-03;PV-013;Honda Navi;7290000;48;7;SI;no_informa;NO;Perdido
HX-01716;18/05/2026;WhatsApp;EMP-03;PV-013;Suzuki GN 125;7490000;2;4;NO;no_informa;NO;Cerrado
HX-01717;12/04/2026;WhatsApp;EMP-01;PV-004;Bajaj Dominar 400;24900000;1;4;NO;credito;NO;Perdido
HX-01718;9/05/2026;WhatsApp;EMP-02;PV-010;Bajaj Pulsar NS 160;11290000;2;5;SI;credito;NO;Perdido
HX-01719;7/05/2026;Formulario Web;EMP-03;PV-014;Bajaj Pulsar NS 160;11290000;0.5;1;NO;credito;NO;Perdido
HX-01720;3/06/2026;WhatsApp;EMP-02;PV-009;Honda XRE 300;22900000;;0;NO_INFORMA;credito;NO;Sin gestión
HX-01721;28/07/2026;WhatsApp;EMP-01;PV-001;Bajaj Dominar 400;24900000;;0;SI;credito;NO;Sin gestión
HX-01722;2/07/2026;WhatsApp;EMP-03;PV-014;Honda CB 125F Twister;7990000;2;7;NO;credito;NO;Perdido
HX-01723;24/07/2026;WhatsApp;EMP-02;PV-007;Suzuki GN 125;7490000;72;5;NO;no_informa;SI;Perdido
HX-01724;22/03/2026;Meta Ads;EMP-01;PV-001;AKT TTR 200;9890000;0.5;2;NO;credito;SI;Perdido
HX-01725;18/04/2026;Formulario Web;EMP-01;PV-001;Honda XR 150L;11490000;24;3;NO_INFORMA;credito;NO;Cerrado
HX-01726;6/07/2026;WhatsApp;EMP-01;PV-004;Suzuki Gixxer 150;11990000;4;3;NO_INFORMA;no_informa;NO;Perdido
HX-01727;13/04/2026;WhatsApp;EMP-02;PV-006;AKT TTR 200;9890000;1;6;NO;credito;NO;Perdido
HX-01728;19/06/2026;WhatsApp;EMP-02;PV-006;AKT Evo RS 150;7190000;;0;SI;contado;NO;Sin gestión
HX-01729;12/04/2026;Meta Ads;EMP-01;PV-004;Honda XR 150L;11490000;120;6;NO_INFORMA;credito;NO;Perdido
HX-01730;13/03/2026;WhatsApp;EMP-02;PV-007;AKT NKD 125;5290000;4;7;SI;no_informa;SI;Perdido
HX-01731;1/04/2026;WhatsApp;EMP-02;PV-009;Bajaj Discover 125;6990000;24;4;NO;contado;SI;Perdido
HX-01732;13/06/2026;Formulario Web;EMP-02;PV-009;Hero Dash 110;6290000;72;1;SI;contado;NO;Perdido
HX-01733;4/03/2026;WhatsApp;EMP-02;PV-007;Honda CB 190R;13990000;24;4;NO;credito;NO;Perdido
HX-01734;9/05/2026;Meta Ads;EMP-03;PV-014;Bajaj Dominar 400;24900000;8;1;NO;credito;SI;Perdido
HX-01735;29/04/2026;WhatsApp;EMP-02;PV-009;AKT TTR 200;9890000;16;7;NO_INFORMA;credito;NO;Perdido
HX-01736;6/07/2026;WhatsApp;EMP-01;PV-001;Hero Hunk 160R;10490000;8;7;NO;credito;NO;Perdido
HX-01737;31/03/2026;Meta Ads;EMP-01;PV-001;AKT Evo RS 150;7190000;4;7;SI;credito;NO;Perdido
HX-01738;13/04/2026;Meta Ads;EMP-01;PV-005;AKT TTR 200;9890000;4;1;NO;no_informa;NO;Perdido
HX-01739;24/04/2026;Meta Ads;EMP-02;PV-006;Hero Eco Deluxe 100;4990000;24;3;NO;credito;NO;Perdido
HX-01740;10/06/2026;WhatsApp;EMP-01;PV-003;AKT NKD 125;5290000;4;4;NO_INFORMA;credito;NO;Perdido
HX-01741;7/05/2026;Formulario Web;EMP-03;PV-011;Honda XR 150L;11490000;24;7;SI;credito;NO;Cerrado
HX-01742;5/04/2026;Meta Ads;EMP-02;PV-008;Suzuki Best 125;6590000;1;7;NO;no_informa;SI;Perdido
HX-01743;21/04/2026;WhatsApp;EMP-01;PV-001;Bajaj Pulsar RS 200;15490000;2;2;SI;contado;NO;Perdido
HX-01744;7/06/2026;Meta Ads;EMP-03;PV-015;Bajaj Pulsar RS 200;15490000;48;1;SI;no_informa;NO;Perdido
HX-01745;19/06/2026;Formulario Web;EMP-03;PV-013;Bajaj Boxer CT 100;5790000;48;2;SI;credito;SI;Perdido
HX-01746;12/07/2026;Meta Ads;EMP-01;PV-001;Honda Navi;7290000;8;6;SI;credito;SI;Perdido
HX-01747;23/04/2026;Meta Ads;EMP-02;PV-010;AKT Dynamic R3 125;5590000;72;5;NO;contado;SI;Perdido
HX-01748;14/04/2026;Formulario Web;EMP-02;PV-009;Honda Dio 110;6890000;72;1;NO;credito;NO;Perdido
HX-01749;23/06/2026;WhatsApp;EMP-03;PV-014;Honda CB 190R;13990000;16;5;SI;credito;SI;Perdido
HX-01750;15/07/2026;WhatsApp;EMP-03;PV-015;Honda CB 125F Twister;7990000;4;4;NO_INFORMA;no_informa;SI;Perdido
HX-01751;3/05/2026;Meta Ads;EMP-02;PV-008;Honda XR 150L;11490000;1;7;SI;credito;NO;Cerrado
HX-01752;15/07/2026;WhatsApp;EMP-01;PV-001;Hero Eco Deluxe 100;4990000;4;6;NO_INFORMA;credito;NO;Perdido
HX-01753;5/07/2026;WhatsApp;EMP-03;PV-013;Honda CB 125F Twister;7990000;72;6;SI;credito;NO;Cerrado
HX-01754;17/06/2026;Meta Ads;EMP-01;PV-005;Hero Xpulse 200;14990000;16;7;SI;no_informa;SI;Perdido
HX-01755;1/05/2026;WhatsApp;EMP-01;PV-004;Bajaj Pulsar RS 200;15490000;24;4;SI;credito;SI;Perdido
HX-01756;25/05/2026;WhatsApp;EMP-01;PV-005;Bajaj Pulsar RS 200;15490000;16;4;NO;credito;NO;Perdido
HX-01757;20/06/2026;WhatsApp;EMP-02;PV-010;Bajaj Boxer CT 100;5790000;2;6;SI;credito;SI;Perdido
HX-01758;23/04/2026;WhatsApp;EMP-01;PV-002;Hero Dash 110;6290000;1;3;NO;no_informa;NO;Perdido
HX-01759;26/07/2026;Meta Ads;EMP-02;PV-010;Honda Navi;7290000;;0;SI;credito;NO;Sin gestión
HX-01760;5/06/2026;WhatsApp;EMP-01;PV-005;Honda CB 190R;13990000;;0;SI;credito;NO;Sin gestión
HX-01761;22/05/2026;WhatsApp;EMP-01;PV-001;Bajaj Dominar 400;24900000;0.5;4;NO;no_informa;NO;Perdido
HX-01762;11/06/2026;WhatsApp;EMP-02;PV-006;Hero Hunk 160R;10490000;;0;NO_INFORMA;no_informa;NO;Sin gestión
HX-01763;3/04/2026;WhatsApp;EMP-02;PV-010;AKT Dynamic R3 125;5590000;72;7;NO;contado;NO;Perdido
HX-01764;12/03/2026;Formulario Web;EMP-03;PV-011;AKT Evo RS 150;7190000;72;6;NO;credito;NO;Perdido
HX-01765;22/06/2026;Formulario Web;EMP-03;PV-013;Bajaj Pulsar RS 200;15490000;4;3;NO;contado;SI;Cerrado
HX-01766;4/07/2026;Meta Ads;EMP-03;PV-011;Bajaj Dominar 400;24900000;0.5;7;SI;credito;SI;Perdido
HX-01767;29/03/2026;Meta Ads;EMP-03;PV-015;AKT Dynamic R3 125;5590000;2;2;NO;credito;SI;Perdido
HX-01768;22/06/2026;WhatsApp;EMP-01;PV-005;Hero Hunk 160R;10490000;8;7;NO;contado;NO;Perdido
HX-01769;3/07/2026;Meta Ads;EMP-01;PV-005;Suzuki Gixxer 150;11990000;4;5;SI;credito;NO;Perdido
HX-01770;2/06/2026;WhatsApp;EMP-02;PV-009;Hero Xpulse 200;14990000;120;5;NO;no_informa;SI;Perdido
HX-01771;21/05/2026;WhatsApp;EMP-02;PV-009;Hero Dash 110;6290000;1;3;SI;credito;NO;Perdido
HX-01772;28/07/2026;Meta Ads;EMP-01;PV-001;Honda Dio 110;6890000;16;6;SI;credito;SI;Perdido
HX-01773;8/05/2026;WhatsApp;EMP-03;PV-013;Bajaj Discover 125;6990000;24;7;SI;credito;NO;Cerrado
HX-01774;9/07/2026;WhatsApp;EMP-03;PV-013;Bajaj Boxer CT 100;5790000;2;4;NO_INFORMA;credito;NO;Perdido
HX-01775;12/07/2026;Formulario Web;EMP-01;PV-004;Suzuki Best 125;6590000;16;6;NO;credito;NO;Perdido
HX-01776;2/07/2026;Meta Ads;EMP-01;PV-002;Bajaj Pulsar NS 125;8990000;2;5;SI;contado;NO;Perdido
HX-01777;25/06/2026;WhatsApp;EMP-02;PV-008;Honda XRE 300;22900000;16;7;NO;credito;NO;Perdido
HX-01778;22/06/2026;WhatsApp;EMP-02;PV-006;Hero Xpulse 200;14990000;1;6;SI;no_informa;NO;Cerrado
HX-01779;20/03/2026;Meta Ads;EMP-01;PV-002;Suzuki GN 125;7490000;1;6;NO_INFORMA;contado;NO;Perdido
HX-01780;7/05/2026;Meta Ads;EMP-01;PV-005;Bajaj Pulsar RS 200;15490000;4;3;NO;credito;SI;Perdido
HX-01781;27/03/2026;Meta Ads;EMP-02;PV-007;Hero Dash 110;6290000;24;3;NO;credito;NO;Perdido
HX-01782;8/06/2026;Formulario Web;EMP-03;PV-015;Bajaj Pulsar NS 125;8990000;16;4;NO_INFORMA;contado;NO;Perdido
HX-01783;19/07/2026;WhatsApp;EMP-02;PV-007;Honda CB 190R;13990000;48;2;NO;contado;NO;Perdido
HX-01784;14/07/2026;WhatsApp;EMP-02;PV-009;Honda CB 125F Twister;7990000;120;3;NO;credito;NO;Perdido
HX-01785;12/06/2026;Formulario Web;EMP-03;PV-011;AKT Dynamic R3 125;5590000;8;7;NO_INFORMA;credito;SI;Perdido
HX-01786;14/04/2026;Meta Ads;EMP-03;PV-014;Bajaj Pulsar RS 200;15490000;4;6;NO_INFORMA;credito;NO;Perdido
HX-01787;15/06/2026;Meta Ads;EMP-03;PV-015;Suzuki Gixxer 150;11990000;1;6;SI;no_informa;NO;Perdido
HX-01788;8/04/2026;WhatsApp;EMP-02;PV-010;Bajaj Discover 125;6990000;1;5;SI;no_informa;NO;Perdido
HX-01789;5/06/2026;WhatsApp;EMP-02;PV-010;Bajaj Boxer CT 100;5790000;24;1;SI;contado;SI;Perdido
HX-01790;9/03/2026;Meta Ads;EMP-03;PV-012;Bajaj Dominar 400;24900000;72;7;NO;contado;NO;Perdido
HX-01791;14/06/2026;Formulario Web;EMP-02;PV-006;Bajaj Pulsar NS 125;8990000;24;4;NO_INFORMA;credito;NO;Perdido
HX-01792;13/07/2026;WhatsApp;EMP-03;PV-011;Bajaj Pulsar NS 160;11290000;8;7;SI;credito;SI;Perdido
HX-01793;27/07/2026;WhatsApp;EMP-03;PV-015;Honda CB 190R;13990000;;0;SI;credito;NO;Sin gestión
HX-01794;14/03/2026;WhatsApp;EMP-03;PV-013;Suzuki GN 125;7490000;24;3;NO;contado;SI;Perdido
HX-01795;9/05/2026;WhatsApp;EMP-01;PV-001;Honda XR 150L;11490000;4;5;NO;credito;NO;Perdido
HX-01796;22/04/2026;Formulario Web;EMP-03;PV-015;Honda CB 190R;13990000;;0;NO;credito;NO;Sin gestión
HX-01797;18/04/2026;WhatsApp;EMP-01;PV-001;Suzuki V-Strom 250;21900000;2;7;NO;credito;NO;Perdido
HX-01798;15/06/2026;Meta Ads;EMP-01;PV-005;AKT NKD 125;5290000;16;1;NO;no_informa;NO;Perdido
HX-01799;5/06/2026;Meta Ads;EMP-01;PV-003;Hero Xpulse 200;14990000;8;4;SI;no_informa;NO;Perdido
HX-01800;12/05/2026;WhatsApp;EMP-02;PV-008;Hero Xpulse 200;14990000;2;7;SI;credito;SI;Perdido
HX-01801;8/05/2026;WhatsApp;EMP-01;PV-002;Honda CB 125F Twister;7990000;0.5;4;NO_INFORMA;credito;NO;Perdido
HX-01802;22/06/2026;WhatsApp;EMP-01;PV-002;Honda XR 150L;11490000;1;6;NO;credito;NO;Perdido
HX-01803;6/04/2026;Meta Ads;EMP-01;PV-004;Hero Dash 110;6290000;120;4;NO_INFORMA;credito;SI;Perdido
HX-01804;15/03/2026;WhatsApp;EMP-01;PV-003;AKT Evo RS 150;7190000;8;2;SI;credito;SI;Perdido
HX-01805;23/07/2026;WhatsApp;EMP-01;PV-004;Hero Eco Deluxe 100;4990000;16;6;NO_INFORMA;credito;SI;Perdido
HX-01806;17/04/2026;Meta Ads;EMP-03;PV-012;Suzuki Gixxer 150;11990000;2;6;NO_INFORMA;credito;SI;Perdido
HX-01807;25/06/2026;WhatsApp;EMP-01;PV-002;Suzuki Gixxer 150;11990000;72;3;NO_INFORMA;no_informa;NO;Cerrado
HX-01808;29/03/2026;Meta Ads;EMP-01;PV-004;Suzuki V-Strom 250;21900000;24;4;NO;no_informa;SI;Cerrado
HX-01809;9/03/2026;Formulario Web;EMP-03;PV-015;Honda CB 125F Twister;7990000;0.5;6;SI;credito;NO;Perdido
HX-01810;5/06/2026;Meta Ads;EMP-02;PV-007;AKT NKD 125;5290000;24;5;SI;credito;SI;Perdido
HX-01811;1/03/2026;WhatsApp;EMP-02;PV-009;Bajaj Discover 125;6990000;72;5;NO_INFORMA;credito;NO;Perdido
HX-01812;23/03/2026;WhatsApp;EMP-02;PV-009;Hero Dash 110;6290000;8;5;NO_INFORMA;credito;NO;Perdido
HX-01813;8/06/2026;Meta Ads;EMP-02;PV-006;Suzuki Gixxer 150;11990000;1;6;SI;credito;NO;Perdido
HX-01814;17/04/2026;Meta Ads;EMP-03;PV-014;Honda Dio 110;6890000;120;1;SI;credito;NO;Perdido
HX-01815;29/06/2026;WhatsApp;EMP-01;PV-002;Hero Eco Deluxe 100;4990000;16;7;SI;no_informa;NO;Perdido
HX-01816;16/05/2026;Meta Ads;EMP-03;PV-013;Bajaj Boxer CT 100;5790000;2;5;SI;no_informa;NO;Perdido
HX-01817;25/05/2026;Meta Ads;EMP-02;PV-006;Bajaj Pulsar NS 125;8990000;;0;NO_INFORMA;no_informa;NO;Sin gestión
HX-01818;15/06/2026;WhatsApp;EMP-02;PV-006;Hero Hunk 160R;10490000;4;6;SI;credito;SI;Perdido
HX-01819;28/04/2026;Formulario Web;EMP-01;PV-002;Honda CB 125F Twister;7990000;2;6;SI;credito;NO;Perdido
HX-01820;5/06/2026;WhatsApp;EMP-03;PV-012;Bajaj Boxer CT 100;5790000;120;5;NO;credito;SI;Perdido
HX-01821;17/07/2026;WhatsApp;EMP-01;PV-003;Hero Eco Deluxe 100;4990000;2;6;NO_INFORMA;no_informa;NO;Perdido
HX-01822;1/06/2026;WhatsApp;EMP-03;PV-015;Honda XRE 300;22900000;48;3;NO_INFORMA;credito;NO;Perdido
HX-01823;22/07/2026;Meta Ads;EMP-03;PV-015;Bajaj Discover 125;6990000;1;5;NO_INFORMA;contado;NO;Perdido
HX-01824;4/05/2026;Meta Ads;EMP-01;PV-002;AKT TTR 200;9890000;2;4;NO;no_informa;NO;Perdido
HX-01825;20/04/2026;Formulario Web;EMP-02;PV-007;Suzuki Gixxer 150;11990000;72;4;NO_INFORMA;credito;NO;Perdido
HX-01826;17/04/2026;WhatsApp;EMP-03;PV-014;Bajaj Boxer CT 100;5790000;48;1;NO_INFORMA;credito;SI;Perdido
HX-01827;17/04/2026;Formulario Web;EMP-01;PV-005;Bajaj Pulsar NS 125;8990000;120;4;SI;credito;NO;Perdido
HX-01828;30/06/2026;Formulario Web;EMP-01;PV-003;Hero Hunk 160R;10490000;4;5;NO_INFORMA;credito;SI;Perdido
HX-01829;30/03/2026;WhatsApp;EMP-01;PV-002;Bajaj Pulsar NS 160;11290000;8;3;SI;credito;NO;Perdido
HX-01830;7/04/2026;WhatsApp;EMP-02;PV-010;Honda CB 190R;13990000;48;3;NO;no_informa;NO;Perdido
HX-01831;22/06/2026;WhatsApp;EMP-01;PV-003;Honda CB 125F Twister;7990000;;0;NO_INFORMA;no_informa;NO;Sin gestión
HX-01832;29/05/2026;WhatsApp;EMP-02;PV-010;Honda XRE 300;22900000;2;5;NO_INFORMA;credito;SI;Perdido
HX-01833;27/06/2026;Meta Ads;EMP-02;PV-006;Hero Dash 110;6290000;72;5;NO_INFORMA;credito;NO;Perdido
HX-01834;16/05/2026;WhatsApp;EMP-01;PV-001;Bajaj Pulsar RS 200;15490000;16;3;NO_INFORMA;credito;NO;Perdido
HX-01835;16/06/2026;WhatsApp;EMP-01;PV-002;Suzuki V-Strom 250;21900000;24;4;SI;credito;NO;Perdido
HX-01836;18/04/2026;WhatsApp;EMP-02;PV-007;Bajaj Boxer CT 100;5790000;72;4;SI;credito;NO;Perdido
HX-01837;31/03/2026;Meta Ads;EMP-03;PV-014;Bajaj Discover 125;6990000;;0;NO;no_informa;SI;Sin gestión
HX-01838;7/06/2026;WhatsApp;EMP-01;PV-001;Bajaj Dominar 400;24900000;48;4;NO_INFORMA;credito;NO;Perdido
HX-01839;31/03/2026;WhatsApp;EMP-01;PV-002;Bajaj Pulsar RS 200;15490000;120;1;NO;credito;SI;Perdido
HX-01840;12/04/2026;WhatsApp;EMP-01;PV-004;Hero Dash 110;6290000;;0;NO;credito;SI;Sin gestión
HX-01841;12/04/2026;WhatsApp;EMP-01;PV-005;Honda XR 150L;11490000;72;7;SI;no_informa;NO;Perdido
HX-01842;3/05/2026;WhatsApp;EMP-03;PV-012;Bajaj Pulsar RS 200;15490000;24;6;SI;credito;NO;Perdido
HX-01843;18/07/2026;Meta Ads;EMP-03;PV-015;Honda CB 190R;13990000;1;7;NO;no_informa;SI;Perdido
HX-01844;12/05/2026;Meta Ads;EMP-01;PV-004;Honda CB 125F Twister;7990000;2;4;SI;credito;NO;Perdido
HX-01845;5/05/2026;WhatsApp;EMP-01;PV-001;Bajaj Pulsar NS 160;11290000;48;7;NO;contado;NO;Perdido
HX-01846;8/03/2026;Meta Ads;EMP-02;PV-006;Honda XR 150L;11490000;0.5;6;NO_INFORMA;contado;SI;Perdido
HX-01847;2/06/2026;WhatsApp;EMP-01;PV-005;Honda XRE 300;22900000;72;4;NO;credito;SI;Perdido
HX-01848;3/07/2026;WhatsApp;EMP-02;PV-009;Honda CB 125F Twister;7990000;16;1;SI;no_informa;NO;Perdido
HX-01849;14/05/2026;Meta Ads;EMP-03;PV-015;AKT Dynamic R3 125;5590000;2;6;NO;no_informa;SI;Perdido
HX-01850;25/07/2026;Formulario Web;EMP-01;PV-005;Hero Hunk 160R;10490000;120;5;NO;contado;NO;Perdido
HX-01851;25/06/2026;WhatsApp;EMP-03;PV-015;Honda XRE 300;22900000;;0;NO_INFORMA;credito;NO;Sin gestión
HX-01852;6/03/2026;WhatsApp;EMP-02;PV-007;Bajaj Boxer CT 100;5790000;72;2;NO;credito;NO;Perdido
HX-01853;11/04/2026;WhatsApp;EMP-02;PV-008;AKT Evo RS 150;7190000;48;7;NO;credito;SI;Perdido
HX-01854;11/03/2026;WhatsApp;EMP-02;PV-007;Bajaj Pulsar NS 125;8990000;1;4;SI;credito;NO;Perdido
HX-01855;17/06/2026;Meta Ads;EMP-02;PV-008;Hero Xpulse 200;14990000;48;1;SI;credito;NO;Perdido
HX-01856;1/07/2026;Meta Ads;EMP-03;PV-014;Bajaj Pulsar RS 200;15490000;8;2;SI;credito;NO;Perdido
HX-01857;18/04/2026;WhatsApp;EMP-03;PV-013;Bajaj Pulsar RS 200;15490000;48;3;NO_INFORMA;credito;NO;Perdido
HX-01858;2/07/2026;WhatsApp;EMP-02;PV-006;Bajaj Dominar 400;24900000;16;2;SI;credito;NO;Perdido
HX-01859;9/05/2026;Meta Ads;EMP-02;PV-009;AKT Evo RS 150;7190000;1;3;NO;contado;SI;Perdido
HX-01860;21/04/2026;WhatsApp;EMP-02;PV-007;Hero Xpulse 200;14990000;72;4;NO_INFORMA;credito;NO;Perdido
HX-01861;4/03/2026;Meta Ads;EMP-03;PV-014;Suzuki Best 125;6590000;0.5;6;NO;credito;NO;Perdido
HX-01862;22/03/2026;WhatsApp;EMP-03;PV-012;Bajaj Boxer CT 100;5790000;2;6;SI;credito;NO;Perdido
HX-01863;9/07/2026;WhatsApp;EMP-02;PV-006;Bajaj Pulsar NS 160;11290000;8;2;NO_INFORMA;credito;NO;Perdido
HX-01864;29/05/2026;WhatsApp;EMP-02;PV-008;AKT NKD 125;5290000;16;7;NO;credito;NO;Perdido
HX-01865;3/05/2026;Formulario Web;EMP-03;PV-015;Hero Xpulse 200;14990000;;0;NO_INFORMA;credito;NO;Sin gestión
HX-01866;25/04/2026;Meta Ads;EMP-03;PV-012;Honda XR 150L;11490000;8;7;NO;credito;NO;Perdido
HX-01867;10/07/2026;Formulario Web;EMP-01;PV-004;Honda CB 125F Twister;7990000;2;5;SI;credito;NO;Cerrado
HX-01868;5/04/2026;WhatsApp;EMP-01;PV-003;Honda Dio 110;6890000;1;7;SI;credito;NO;Cerrado
HX-01869;18/06/2026;Meta Ads;EMP-01;PV-005;Suzuki GN 125;7490000;1;5;SI;credito;NO;Perdido
HX-01870;20/06/2026;Meta Ads;EMP-02;PV-009;Bajaj Pulsar NS 125;8990000;8;2;NO_INFORMA;credito;NO;Perdido
HX-01871;7/04/2026;WhatsApp;EMP-03;PV-013;Bajaj Pulsar RS 200;15490000;;0;NO_INFORMA;credito;SI;Sin gestión
HX-01872;11/03/2026;Formulario Web;EMP-02;PV-008;AKT Dynamic R3 125;5590000;24;5;SI;credito;SI;Perdido
HX-01873;16/04/2026;WhatsApp;EMP-01;PV-003;Suzuki V-Strom 250;21900000;120;7;NO_INFORMA;no_informa;SI;Perdido
HX-01874;14/07/2026;WhatsApp;EMP-01;PV-004;Honda CB 190R;13990000;48;4;SI;credito;NO;Perdido
HX-01875;13/06/2026;Meta Ads;EMP-01;PV-005;AKT Evo RS 150;7190000;1;6;SI;credito;NO;Perdido
HX-01876;28/04/2026;WhatsApp;EMP-01;PV-002;Hero Xpulse 200;14990000;120;3;SI;credito;NO;Perdido
HX-01877;12/03/2026;WhatsApp;EMP-01;PV-003;Suzuki Gixxer 150;11990000;4;5;SI;contado;NO;Perdido
HX-01878;18/03/2026;WhatsApp;EMP-02;PV-010;Hero Hunk 160R;10490000;1;7;SI;no_informa;SI;Perdido
HX-01879;9/03/2026;Formulario Web;EMP-01;PV-003;AKT TTR 200;9890000;8;7;NO;credito;NO;Perdido
HX-01880;21/06/2026;WhatsApp;EMP-02;PV-008;AKT TTR 200;9890000;1;5;SI;contado;NO;Perdido
HX-01881;27/05/2026;WhatsApp;EMP-01;PV-001;Bajaj Dominar 400;24900000;8;7;SI;credito;SI;Perdido
HX-01882;9/07/2026;WhatsApp;EMP-02;PV-010;Bajaj Discover 125;6990000;72;3;NO_INFORMA;contado;NO;Perdido
HX-01883;14/07/2026;WhatsApp;EMP-01;PV-005;Bajaj Pulsar NS 125;8990000;16;3;NO_INFORMA;credito;NO;Perdido
HX-01884;11/03/2026;Formulario Web;EMP-02;PV-007;Honda XRE 300;22900000;16;6;SI;credito;SI;Perdido
HX-01885;24/06/2026;WhatsApp;EMP-02;PV-008;Bajaj Pulsar NS 160;11290000;2;4;NO_INFORMA;credito;SI;Perdido
HX-01886;20/05/2026;WhatsApp;EMP-01;PV-004;AKT NKD 125;5290000;24;2;NO;credito;SI;Perdido
HX-01887;30/06/2026;WhatsApp;EMP-01;PV-004;Honda XR 150L;11490000;16;7;SI;no_informa;NO;Cerrado
HX-01888;20/07/2026;Meta Ads;EMP-03;PV-011;Suzuki Best 125;6590000;2;6;NO_INFORMA;credito;NO;Perdido
HX-01889;8/04/2026;WhatsApp;EMP-03;PV-015;Suzuki Gixxer 150;11990000;1;7;NO;credito;SI;Cerrado
HX-01890;22/07/2026;WhatsApp;EMP-01;PV-001;AKT NKD 125;5290000;1;7;SI;credito;SI;Perdido
HX-01891;23/04/2026;WhatsApp;EMP-03;PV-015;Honda CB 190R;13990000;4;7;NO;no_informa;SI;Perdido
HX-01892;28/07/2026;Formulario Web;EMP-03;PV-014;Suzuki Best 125;6590000;8;1;NO_INFORMA;no_informa;SI;Perdido
HX-01893;14/03/2026;Formulario Web;EMP-02;PV-006;AKT NKD 125;5290000;0.5;7;NO_INFORMA;credito;NO;Perdido
HX-01894;8/06/2026;Meta Ads;EMP-02;PV-008;AKT NKD 125;5290000;72;1;NO;credito;SI;Perdido
HX-01895;17/06/2026;WhatsApp;EMP-01;PV-001;Bajaj Boxer CT 100;5790000;72;4;SI;credito;SI;Perdido
HX-01896;18/03/2026;Meta Ads;EMP-01;PV-005;Honda CB 190R;13990000;16;6;NO;credito;NO;Perdido
HX-01897;12/04/2026;Meta Ads;EMP-03;PV-014;AKT TTR 200;9890000;1;4;NO_INFORMA;credito;NO;Perdido
HX-01898;11/05/2026;WhatsApp;EMP-02;PV-007;Honda Dio 110;6890000;24;1;NO;contado;NO;Perdido
HX-01899;10/06/2026;WhatsApp;EMP-01;PV-003;Bajaj Boxer CT 100;5790000;24;3;SI;credito;NO;Perdido
HX-01900;23/06/2026;Meta Ads;EMP-03;PV-011;AKT NKD 125;5290000;24;6;SI;credito;NO;Perdido
HX-01901;2/03/2026;WhatsApp;EMP-02;PV-006;Suzuki Best 125;6590000;24;5;NO;no_informa;SI;Perdido
HX-01902;12/07/2026;WhatsApp;EMP-01;PV-002;Bajaj Pulsar NS 160;11290000;4;3;SI;no_informa;NO;Cerrado
HX-01903;6/04/2026;WhatsApp;EMP-03;PV-013;Suzuki GN 125;7490000;8;5;NO;contado;NO;Perdido
HX-01904;23/03/2026;WhatsApp;EMP-02;PV-008;AKT Dynamic R3 125;5590000;48;7;SI;credito;SI;Perdido
HX-01905;17/04/2026;WhatsApp;EMP-03;PV-012;Suzuki V-Strom 250;21900000;4;5;SI;credito;NO;Perdido
HX-01906;4/05/2026;WhatsApp;EMP-03;PV-011;Honda Dio 110;6890000;8;3;NO;no_informa;NO;Perdido
HX-01907;10/05/2026;WhatsApp;EMP-02;PV-009;Hero Dash 110;6290000;4;4;NO;contado;NO;Perdido
HX-01908;20/07/2026;WhatsApp;EMP-01;PV-004;Bajaj Boxer CT 100;5790000;48;5;SI;contado;NO;Perdido
HX-01909;7/03/2026;Meta Ads;EMP-02;PV-008;Suzuki Gixxer 150;11990000;72;5;NO;no_informa;NO;Perdido
HX-01910;17/04/2026;Formulario Web;EMP-02;PV-006;Hero Hunk 160R;10490000;72;4;NO;contado;SI;Perdido
HX-01911;1/04/2026;WhatsApp;EMP-01;PV-002;Suzuki GN 125;7490000;2;4;NO;credito;NO;Perdido
HX-01912;12/05/2026;Meta Ads;EMP-01;PV-003;Bajaj Pulsar NS 125;8990000;2;2;SI;credito;NO;Perdido
HX-01913;11/06/2026;WhatsApp;EMP-03;PV-013;AKT Evo RS 150;7190000;4;4;NO_INFORMA;credito;NO;Perdido
HX-01914;27/06/2026;WhatsApp;EMP-03;PV-013;AKT Evo RS 150;7190000;16;2;NO;credito;NO;Perdido
HX-01915;23/04/2026;WhatsApp;EMP-02;PV-008;Suzuki Best 125;6590000;8;4;NO_INFORMA;credito;NO;Perdido
HX-01916;16/05/2026;Formulario Web;EMP-03;PV-011;Bajaj Pulsar NS 125;8990000;2;3;NO_INFORMA;contado;NO;Perdido
HX-01917;8/03/2026;Meta Ads;EMP-02;PV-010;Honda XRE 300;22900000;48;7;NO_INFORMA;credito;NO;Perdido
HX-01918;25/07/2026;Formulario Web;EMP-02;PV-007;Bajaj Dominar 400;24900000;48;1;NO_INFORMA;contado;NO;Perdido
HX-01919;19/05/2026;WhatsApp;EMP-02;PV-009;Bajaj Pulsar NS 125;8990000;24;1;SI;credito;NO;Perdido
HX-01920;31/05/2026;Meta Ads;EMP-01;PV-001;Hero Dash 110;6290000;72;7;SI;credito;SI;Perdido
HX-01921;25/05/2026;Meta Ads;EMP-01;PV-005;AKT TTR 200;9890000;0.5;3;NO_INFORMA;contado;NO;Perdido
HX-01922;12/04/2026;Formulario Web;EMP-01;PV-005;Honda XR 150L;11490000;1;5;SI;credito;NO;Perdido
HX-01923;30/03/2026;WhatsApp;EMP-03;PV-015;Bajaj Discover 125;6990000;48;3;NO;credito;SI;Perdido
HX-01924;9/04/2026;WhatsApp;EMP-01;PV-005;Hero Dash 110;6290000;24;1;NO_INFORMA;contado;NO;Perdido
HX-01925;13/06/2026;Meta Ads;EMP-01;PV-004;Bajaj Discover 125;6990000;24;3;SI;credito;NO;Perdido
HX-01926;25/07/2026;WhatsApp;EMP-01;PV-001;Hero Dash 110;6290000;0.5;7;SI;credito;SI;Perdido
HX-01927;1/06/2026;Formulario Web;EMP-03;PV-012;Hero Dash 110;6290000;8;4;NO_INFORMA;credito;SI;Perdido
HX-01928;23/05/2026;WhatsApp;EMP-03;PV-015;Hero Xpulse 200;14990000;8;2;NO_INFORMA;no_informa;NO;Perdido
HX-01929;1/05/2026;Meta Ads;EMP-03;PV-015;Honda XRE 300;22900000;16;7;NO;credito;SI;Perdido
HX-01930;1/04/2026;WhatsApp;EMP-03;PV-012;Honda Navi;7290000;48;6;SI;no_informa;NO;Perdido
HX-01931;1/05/2026;WhatsApp;EMP-03;PV-011;Hero Xpulse 200;14990000;0.5;4;SI;credito;NO;Perdido
HX-01932;23/05/2026;WhatsApp;EMP-03;PV-012;AKT Dynamic R3 125;5590000;8;1;NO;contado;NO;Perdido
HX-01933;11/05/2026;WhatsApp;EMP-01;PV-005;Bajaj Discover 125;6990000;4;2;SI;credito;NO;Cerrado
HX-01934;14/05/2026;WhatsApp;EMP-01;PV-005;AKT Dynamic R3 125;5590000;24;3;NO;credito;NO;Perdido
HX-01935;28/03/2026;Meta Ads;EMP-03;PV-015;AKT TTR 200;9890000;4;3;SI;credito;NO;Perdido
HX-01936;8/03/2026;WhatsApp;EMP-03;PV-013;Bajaj Discover 125;6990000;;0;SI;credito;NO;Sin gestión
HX-01937;23/06/2026;Meta Ads;EMP-01;PV-003;Honda Dio 110;6890000;2;5;NO_INFORMA;no_informa;SI;Perdido
HX-01938;5/04/2026;WhatsApp;EMP-01;PV-003;Suzuki V-Strom 250;21900000;2;6;SI;credito;NO;Perdido
HX-01939;27/05/2026;Formulario Web;EMP-01;PV-003;Suzuki Gixxer 150;11990000;24;6;SI;credito;NO;Perdido
HX-01940;20/06/2026;WhatsApp;EMP-03;PV-012;Bajaj Pulsar NS 125;8990000;1;7;SI;credito;SI;Cerrado
HX-01941;7/05/2026;WhatsApp;EMP-03;PV-015;AKT TTR 200;9890000;4;4;NO;contado;NO;Perdido
HX-01942;12/05/2026;Meta Ads;EMP-03;PV-014;Honda Navi;7290000;120;3;SI;credito;SI;Perdido
HX-01943;7/06/2026;WhatsApp;EMP-02;PV-009;Bajaj Dominar 400;24900000;;0;NO;credito;NO;Sin gestión
HX-01944;19/05/2026;WhatsApp;EMP-01;PV-001;Suzuki Gixxer 150;11990000;4;5;NO_INFORMA;credito;NO;Perdido
HX-01945;29/03/2026;Meta Ads;EMP-02;PV-009;Suzuki GN 125;7490000;4;2;SI;credito;NO;Perdido
HX-01946;26/06/2026;WhatsApp;EMP-02;PV-007;AKT NKD 125;5290000;16;1;NO_INFORMA;no_informa;NO;Perdido
HX-01947;8/06/2026;WhatsApp;EMP-02;PV-010;AKT Dynamic R3 125;5590000;48;6;NO_INFORMA;credito;NO;Perdido
HX-01948;8/07/2026;WhatsApp;EMP-03;PV-015;AKT Dynamic R3 125;5590000;2;2;NO_INFORMA;no_informa;NO;Cerrado
HX-01949;3/07/2026;WhatsApp;EMP-01;PV-005;Honda CB 125F Twister;7990000;;0;SI;credito;NO;Sin gestión
HX-01950;12/05/2026;WhatsApp;EMP-02;PV-008;Hero Xpulse 200;14990000;24;7;NO_INFORMA;credito;NO;Perdido
HX-01951;25/05/2026;WhatsApp;EMP-03;PV-014;Honda Dio 110;6890000;16;7;NO;credito;NO;Perdido
HX-01952;26/05/2026;Meta Ads;EMP-01;PV-002;Suzuki Best 125;6590000;16;7;SI;no_informa;SI;Perdido
HX-01953;10/04/2026;WhatsApp;EMP-02;PV-008;AKT NKD 125;5290000;0.5;6;SI;credito;NO;Perdido
HX-01954;17/05/2026;WhatsApp;EMP-01;PV-003;Honda Navi;7290000;2;6;NO;credito;NO;Perdido
HX-01955;16/03/2026;WhatsApp;EMP-03;PV-013;Bajaj Pulsar RS 200;15490000;48;6;NO;credito;NO;Perdido
HX-01956;14/07/2026;WhatsApp;EMP-02;PV-009;AKT Dynamic R3 125;5590000;72;6;NO;credito;NO;Perdido
HX-01957;19/04/2026;WhatsApp;EMP-03;PV-012;AKT Dynamic R3 125;5590000;;0;NO;credito;NO;Sin gestión
HX-01958;2/06/2026;WhatsApp;EMP-02;PV-008;Honda XRE 300;22900000;48;6;SI;no_informa;NO;Perdido
HX-01959;16/04/2026;Meta Ads;EMP-03;PV-012;AKT Evo RS 150;7190000;48;7;NO;contado;NO;Perdido
HX-01960;28/06/2026;Meta Ads;EMP-01;PV-002;Honda XR 150L;11490000;;0;NO_INFORMA;credito;SI;Sin gestión
HX-01961;11/06/2026;WhatsApp;EMP-02;PV-010;Bajaj Pulsar NS 125;8990000;48;3;NO_INFORMA;credito;SI;Perdido
HX-01962;1/05/2026;WhatsApp;EMP-03;PV-015;Hero Dash 110;6290000;48;5;NO;credito;NO;Perdido
HX-01963;14/07/2026;Meta Ads;EMP-03;PV-013;AKT NKD 125;5290000;;0;SI;credito;NO;Sin gestión
HX-01964;27/04/2026;WhatsApp;EMP-03;PV-014;Bajaj Pulsar NS 160;11290000;4;6;SI;credito;NO;Perdido
HX-01965;19/05/2026;WhatsApp;EMP-02;PV-008;Bajaj Discover 125;6990000;2;6;NO_INFORMA;credito;NO;Perdido
HX-01966;28/05/2026;WhatsApp;EMP-01;PV-003;Honda CB 190R;13990000;4;4;SI;credito;NO;Cerrado
HX-01967;31/05/2026;Meta Ads;EMP-03;PV-013;Suzuki GN 125;7490000;48;1;NO_INFORMA;credito;SI;Perdido
HX-01968;24/05/2026;WhatsApp;EMP-01;PV-003;Suzuki GN 125;7490000;2;7;NO;contado;NO;Perdido
HX-01969;4/04/2026;Meta Ads;EMP-01;PV-005;Bajaj Pulsar RS 200;15490000;;0;SI;no_informa;NO;Sin gestión
HX-01970;11/03/2026;Formulario Web;EMP-03;PV-014;Bajaj Pulsar NS 125;8990000;8;4;NO;credito;NO;Perdido
HX-01971;15/06/2026;WhatsApp;EMP-03;PV-013;Honda CB 190R;13990000;120;6;SI;credito;NO;Perdido
HX-01972;26/03/2026;WhatsApp;EMP-03;PV-015;Honda XR 150L;11490000;1;1;NO;credito;NO;Cerrado
HX-01973;28/07/2026;Meta Ads;EMP-03;PV-011;Hero Eco Deluxe 100;4990000;16;3;NO;credito;NO;Perdido
HX-01974;20/07/2026;WhatsApp;EMP-03;PV-011;Suzuki V-Strom 250;21900000;;0;NO_INFORMA;credito;NO;Sin gestión
HX-01975;10/07/2026;Meta Ads;EMP-03;PV-011;Hero Xpulse 200;14990000;2;7;SI;credito;NO;Perdido
HX-01976;6/04/2026;WhatsApp;EMP-03;PV-012;Hero Dash 110;6290000;8;1;SI;credito;SI;Perdido
HX-01977;9/04/2026;WhatsApp;EMP-02;PV-008;Bajaj Pulsar RS 200;15490000;2;7;SI;credito;NO;Perdido
HX-01978;2/04/2026;WhatsApp;EMP-02;PV-006;Bajaj Pulsar RS 200;15490000;4;5;SI;credito;NO;Perdido
HX-01979;4/05/2026;WhatsApp;EMP-02;PV-006;Suzuki Best 125;6590000;8;1;SI;credito;NO;Perdido
HX-01980;21/07/2026;Formulario Web;EMP-03;PV-013;Bajaj Discover 125;6990000;2;5;NO_INFORMA;no_informa;NO;Perdido
HX-01981;15/05/2026;Meta Ads;EMP-01;PV-002;Hero Hunk 160R;10490000;2;3;SI;credito;NO;Perdido
HX-01982;19/07/2026;WhatsApp;EMP-01;PV-003;Honda CB 125F Twister;7990000;4;1;SI;contado;NO;Perdido
HX-01983;24/04/2026;Meta Ads;EMP-03;PV-014;Honda Navi;7290000;2;6;NO;credito;NO;Perdido
HX-01984;11/07/2026;WhatsApp;EMP-01;PV-003;Honda XR 150L;11490000;2;5;NO;no_informa;SI;Perdido
HX-01985;13/06/2026;WhatsApp;EMP-02;PV-009;Bajaj Pulsar NS 125;8990000;8;5;SI;credito;NO;Perdido
HX-01986;30/06/2026;Formulario Web;EMP-01;PV-002;Honda CB 125F Twister;7990000;8;1;SI;credito;NO;Perdido
HX-01987;8/04/2026;WhatsApp;EMP-02;PV-010;Hero Hunk 160R;10490000;24;3;SI;credito;NO;Perdido
HX-01988;30/04/2026;WhatsApp;EMP-03;PV-012;Suzuki Gixxer 150;11990000;48;3;NO_INFORMA;contado;SI;Cerrado
HX-01989;13/05/2026;WhatsApp;EMP-01;PV-003;Suzuki GN 125;7490000;0.5;7;SI;contado;SI;Perdido
HX-01990;24/03/2026;Meta Ads;EMP-02;PV-006;AKT Dynamic R3 125;5590000;16;1;NO_INFORMA;credito;NO;Perdido
HX-01991;19/03/2026;WhatsApp;EMP-03;PV-012;Bajaj Dominar 400;24900000;0.5;7;SI;credito;SI;Perdido
HX-01992;23/07/2026;Formulario Web;EMP-03;PV-012;Suzuki GN 125;7490000;8;5;SI;credito;NO;Perdido
HX-01993;21/07/2026;Meta Ads;EMP-01;PV-004;Bajaj Boxer CT 100;5790000;16;4;NO;no_informa;NO;Perdido
HX-01994;21/03/2026;Meta Ads;EMP-03;PV-012;AKT NKD 125;5290000;24;7;NO;no_informa;SI;Perdido
HX-01995;19/06/2026;WhatsApp;EMP-01;PV-005;Bajaj Boxer CT 100;5790000;48;3;SI;credito;NO;Perdido
HX-01996;20/03/2026;WhatsApp;EMP-03;PV-011;Suzuki V-Strom 250;21900000;72;7;NO;contado;SI;Perdido
HX-01997;5/07/2026;WhatsApp;EMP-01;PV-001;Bajaj Boxer CT 100;5790000;2;6;SI;credito;NO;Perdido
HX-01998;12/04/2026;Meta Ads;EMP-02;PV-008;Suzuki V-Strom 250;21900000;72;3;SI;contado;NO;Perdido
HX-01999;26/03/2026;WhatsApp;EMP-01;PV-001;Honda CB 190R;13990000;24;3;NO;contado;SI;Cerrado
HX-02000;15/03/2026;Meta Ads;EMP-01;PV-002;Bajaj Pulsar NS 125;8990000;1;7;NO_INFORMA;credito;NO;Perdido
HX-02001;28/03/2026;WhatsApp;EMP-03;PV-012;Suzuki Gixxer 150;11990000;2;2;NO;credito;SI;Perdido
HX-02002;21/07/2026;WhatsApp;EMP-03;PV-011;Bajaj Pulsar NS 160;11290000;72;4;NO_INFORMA;no_informa;NO;Cerrado
HX-02003;27/05/2026;WhatsApp;EMP-03;PV-015;Bajaj Pulsar RS 200;15490000;1;6;SI;credito;NO;Perdido
HX-02004;15/05/2026;WhatsApp;EMP-03;PV-013;Bajaj Boxer CT 100;5790000;4;7;NO;credito;SI;Perdido
HX-02005;21/07/2026;WhatsApp;EMP-03;PV-012;Honda XRE 300;22900000;72;1;NO;credito;SI;Perdido
HX-02006;6/05/2026;Meta Ads;EMP-03;PV-015;Bajaj Pulsar NS 125;8990000;48;1;NO_INFORMA;credito;NO;Perdido
HX-02007;30/05/2026;Meta Ads;EMP-02;PV-007;Bajaj Boxer CT 100;5790000;4;5;NO_INFORMA;no_informa;NO;Perdido
HX-02008;8/05/2026;WhatsApp;EMP-03;PV-011;Honda CB 190R;13990000;;0;NO_INFORMA;credito;NO;Sin gestión
HX-02009;4/07/2026;WhatsApp;EMP-02;PV-010;Bajaj Pulsar NS 160;11290000;8;4;SI;credito;NO;Perdido
HX-02010;11/04/2026;WhatsApp;EMP-03;PV-014;Bajaj Dominar 400;24900000;4;2;SI;contado;NO;Perdido
HX-02011;17/05/2026;Meta Ads;EMP-01;PV-003;AKT Dynamic R3 125;5590000;1;1;SI;no_informa;NO;Perdido
HX-02012;11/04/2026;Formulario Web;EMP-02;PV-010;Hero Hunk 160R;10490000;8;2;SI;no_informa;NO;Perdido
HX-02013;30/04/2026;WhatsApp;EMP-03;PV-015;Hero Eco Deluxe 100;4990000;4;4;SI;credito;NO;Perdido
HX-02014;6/03/2026;WhatsApp;EMP-02;PV-008;Bajaj Boxer CT 100;5790000;4;5;NO_INFORMA;credito;NO;Perdido
HX-02015;1/03/2026;WhatsApp;EMP-01;PV-004;Suzuki GN 125;7490000;4;5;NO_INFORMA;credito;NO;Perdido
HX-02016;25/04/2026;WhatsApp;EMP-02;PV-007;Honda XR 150L;11490000;48;5;SI;no_informa;NO;Perdido
HX-02017;22/04/2026;WhatsApp;EMP-01;PV-004;Honda CB 125F Twister;7990000;0.5;5;SI;no_informa;NO;Perdido
HX-02018;6/03/2026;Meta Ads;EMP-02;PV-010;Bajaj Pulsar RS 200;15490000;2;5;SI;credito;NO;Perdido
HX-02019;27/03/2026;WhatsApp;EMP-03;PV-015;Honda CB 190R;13990000;48;6;NO;credito;NO;Perdido
HX-02020;18/05/2026;WhatsApp;EMP-02;PV-006;Hero Eco Deluxe 100;4990000;72;7;NO;credito;NO;Cerrado
HX-02021;26/07/2026;WhatsApp;EMP-01;PV-003;Hero Hunk 160R;10490000;4;3;NO_INFORMA;credito;NO;Perdido
HX-02022;6/06/2026;Formulario Web;EMP-01;PV-004;Bajaj Discover 125;6990000;8;4;NO_INFORMA;no_informa;NO;Cerrado
HX-02023;15/03/2026;WhatsApp;EMP-03;PV-015;Bajaj Pulsar NS 160;11290000;1;3;NO;credito;SI;Perdido
HX-02024;23/07/2026;Meta Ads;EMP-03;PV-014;Bajaj Discover 125;6990000;2;7;NO_INFORMA;credito;SI;Perdido
HX-02025;15/06/2026;WhatsApp;EMP-01;PV-001;Honda Dio 110;6890000;4;2;NO;contado;NO;Perdido
HX-02026;19/04/2026;WhatsApp;EMP-02;PV-009;Suzuki Best 125;6590000;0.5;5;NO;contado;NO;Perdido
HX-02027;13/05/2026;WhatsApp;EMP-01;PV-002;Bajaj Discover 125;6990000;2;5;SI;no_informa;NO;Perdido
HX-02028;19/06/2026;WhatsApp;EMP-02;PV-010;Honda XRE 300;22900000;72;7;NO;credito;NO;Perdido
HX-02029;20/05/2026;WhatsApp;EMP-02;PV-007;Bajaj Pulsar RS 200;15490000;16;6;NO_INFORMA;credito;NO;Perdido
HX-02030;3/03/2026;WhatsApp;EMP-03;PV-013;Hero Hunk 160R;10490000;16;4;SI;credito;NO;Perdido
HX-02031;2/07/2026;Meta Ads;EMP-03;PV-015;Honda Navi;7290000;72;6;NO_INFORMA;credito;NO;Perdido
HX-02032;30/06/2026;Formulario Web;EMP-01;PV-002;Suzuki Best 125;6590000;8;6;SI;no_informa;SI;Perdido
HX-02033;6/07/2026;WhatsApp;EMP-03;PV-011;Honda CB 190R;13990000;48;1;SI;credito;NO;Perdido
HX-02034;5/05/2026;WhatsApp;EMP-03;PV-012;Hero Hunk 160R;10490000;16;3;SI;contado;NO;Perdido
HX-02035;13/06/2026;Meta Ads;EMP-02;PV-008;Suzuki Best 125;6590000;0.5;2;NO;credito;SI;Perdido
HX-02036;8/05/2026;Meta Ads;EMP-02;PV-006;Hero Xpulse 200;14990000;120;3;SI;no_informa;NO;Perdido
HX-02037;23/03/2026;Meta Ads;EMP-01;PV-003;Hero Eco Deluxe 100;4990000;48;5;NO;contado;SI;Perdido
HX-02038;22/05/2026;Meta Ads;EMP-02;PV-007;Bajaj Pulsar NS 125;8990000;72;5;NO;credito;NO;Perdido
HX-02039;8/06/2026;WhatsApp;EMP-02;PV-009;Suzuki Best 125;6590000;0.5;3;SI;credito;NO;Perdido
HX-02040;24/03/2026;WhatsApp;EMP-01;PV-004;Suzuki GN 125;7490000;4;2;SI;no_informa;NO;Perdido
HX-02041;25/03/2026;WhatsApp;EMP-03;PV-011;Suzuki GN 125;7490000;4;3;SI;credito;NO;Perdido
HX-02042;4/03/2026;WhatsApp;EMP-01;PV-002;Hero Eco Deluxe 100;4990000;0.5;1;NO_INFORMA;credito;NO;Perdido
HX-02043;14/03/2026;WhatsApp;EMP-01;PV-002;Suzuki Gixxer 150;11990000;4;5;SI;contado;NO;Perdido
HX-02044;7/07/2026;Formulario Web;EMP-02;PV-008;Honda XR 150L;11490000;48;4;NO_INFORMA;credito;NO;Perdido
HX-02045;19/06/2026;WhatsApp;EMP-03;PV-013;Bajaj Boxer CT 100;5790000;8;1;NO;credito;NO;Perdido
HX-02046;9/07/2026;Meta Ads;EMP-03;PV-012;AKT TTR 200;9890000;;0;SI;contado;NO;Sin gestión
HX-02047;10/04/2026;Meta Ads;EMP-02;PV-009;AKT Dynamic R3 125;5590000;0.5;3;SI;credito;NO;Perdido
HX-02048;25/05/2026;WhatsApp;EMP-02;PV-006;AKT NKD 125;5290000;8;4;SI;credito;NO;Perdido
HX-02049;24/03/2026;WhatsApp;EMP-03;PV-011;Honda XR 150L;11490000;24;4;NO;credito;NO;Perdido
HX-02050;1/07/2026;WhatsApp;EMP-02;PV-006;Honda XR 150L;11490000;;0;NO;credito;SI;Sin gestión
HX-02051;30/03/2026;Meta Ads;EMP-02;PV-009;Honda CB 125F Twister;7990000;16;6;SI;credito;NO;Cerrado
HX-02052;14/05/2026;WhatsApp;EMP-01;PV-001;Bajaj Pulsar NS 160;11290000;2;4;NO_INFORMA;no_informa;SI;Perdido
HX-02053;14/05/2026;WhatsApp;EMP-03;PV-012;Hero Dash 110;6290000;48;5;NO_INFORMA;contado;NO;Perdido
HX-02054;23/06/2026;WhatsApp;EMP-01;PV-004;Honda CB 190R;13990000;2;5;NO;contado;NO;Perdido
HX-02055;22/04/2026;Formulario Web;EMP-02;PV-008;Bajaj Pulsar NS 125;8990000;0.5;5;NO;credito;SI;Cerrado
HX-02056;11/03/2026;WhatsApp;EMP-03;PV-014;Suzuki V-Strom 250;21900000;16;5;NO_INFORMA;no_informa;SI;Perdido
HX-02057;9/03/2026;WhatsApp;EMP-01;PV-002;Hero Dash 110;6290000;4;2;NO_INFORMA;credito;NO;Perdido
HX-02058;31/03/2026;Meta Ads;EMP-03;PV-011;Bajaj Discover 125;6990000;24;4;SI;credito;NO;Cerrado
HX-02059;16/06/2026;WhatsApp;EMP-01;PV-003;Honda Navi;7290000;2;3;NO_INFORMA;credito;NO;Perdido
HX-02060;17/03/2026;WhatsApp;EMP-01;PV-002;Bajaj Boxer CT 100;5790000;24;3;NO_INFORMA;credito;SI;Perdido
HX-02061;29/06/2026;WhatsApp;EMP-02;PV-007;Honda Navi;7290000;8;4;NO;credito;NO;Cerrado
HX-02062;7/06/2026;WhatsApp;EMP-03;PV-013;Bajaj Pulsar NS 160;11290000;;0;NO_INFORMA;credito;SI;Sin gestión
HX-02063;4/06/2026;WhatsApp;EMP-01;PV-003;Honda Dio 110;6890000;1;5;SI;credito;NO;Perdido
HX-02064;21/06/2026;WhatsApp;EMP-03;PV-015;Bajaj Pulsar RS 200;15490000;1;7;NO;credito;NO;Perdido
HX-02065;13/06/2026;Meta Ads;EMP-03;PV-015;Hero Eco Deluxe 100;4990000;2;1;SI;credito;NO;Perdido
HX-02066;11/06/2026;WhatsApp;EMP-02;PV-006;Bajaj Dominar 400;24900000;1;2;NO;credito;SI;Perdido
HX-02067;21/03/2026;Formulario Web;EMP-02;PV-009;AKT NKD 125;5290000;;0;NO_INFORMA;no_informa;NO;Sin gestión
HX-02068;8/05/2026;Formulario Web;EMP-03;PV-015;Bajaj Dominar 400;24900000;72;7;NO;no_informa;NO;Perdido
HX-02069;10/07/2026;Meta Ads;EMP-01;PV-001;Bajaj Boxer CT 100;5790000;;0;NO;credito;NO;Sin gestión
HX-02070;21/03/2026;Meta Ads;EMP-03;PV-012;AKT Dynamic R3 125;5590000;8;6;NO;credito;NO;Perdido
HX-02071;11/03/2026;WhatsApp;EMP-02;PV-007;Honda Navi;7290000;4;5;NO;credito;NO;Perdido
HX-02072;26/05/2026;Meta Ads;EMP-02;PV-008;AKT Evo RS 150;7190000;1;1;NO;no_informa;NO;Perdido
HX-02073;24/05/2026;WhatsApp;EMP-01;PV-001;Hero Hunk 160R;10490000;24;7;SI;contado;NO;Perdido
HX-02074;3/07/2026;WhatsApp;EMP-03;PV-012;Suzuki Gixxer 150;11990000;2;6;NO;credito;NO;Perdido
HX-02075;23/05/2026;Meta Ads;EMP-01;PV-002;AKT NKD 125;5290000;48;1;NO_INFORMA;credito;NO;Perdido
HX-02076;23/06/2026;Meta Ads;EMP-03;PV-015;Honda XR 150L;11490000;16;6;NO_INFORMA;credito;NO;Perdido
HX-02077;19/07/2026;Meta Ads;EMP-03;PV-014;Honda XR 150L;11490000;1;1;NO;credito;NO;Cerrado
HX-02078;23/07/2026;WhatsApp;EMP-02;PV-007;Honda CB 125F Twister;7990000;2;6;SI;credito;NO;Perdido
HX-02079;13/03/2026;WhatsApp;EMP-03;PV-012;Hero Dash 110;6290000;4;4;SI;contado;NO;Perdido
HX-02080;19/04/2026;Meta Ads;EMP-01;PV-005;Hero Hunk 160R;10490000;24;3;SI;credito;NO;Perdido
HX-02081;24/04/2026;WhatsApp;EMP-01;PV-002;Bajaj Boxer CT 100;5790000;48;4;NO;contado;NO;Perdido
HX-02082;5/06/2026;WhatsApp;EMP-01;PV-002;Honda Navi;7290000;1;3;NO;credito;NO;Perdido
HX-02083;16/06/2026;WhatsApp;EMP-01;PV-002;Hero Dash 110;6290000;120;7;NO_INFORMA;credito;NO;Perdido
HX-02084;21/04/2026;Meta Ads;EMP-02;PV-007;Suzuki Gixxer 150;11990000;16;5;NO;no_informa;NO;Perdido
HX-02085;23/06/2026;WhatsApp;EMP-03;PV-014;Hero Xpulse 200;14990000;4;5;SI;contado;NO;Perdido
HX-02086;5/05/2026;WhatsApp;EMP-01;PV-005;Honda XR 150L;11490000;16;7;NO_INFORMA;credito;NO;Perdido
HX-02087;4/06/2026;Meta Ads;EMP-02;PV-010;Bajaj Boxer CT 100;5790000;;0;SI;credito;NO;Sin gestión
HX-02088;18/06/2026;Formulario Web;EMP-01;PV-003;AKT NKD 125;5290000;48;4;NO;no_informa;NO;Perdido
HX-02089;1/04/2026;WhatsApp;EMP-01;PV-001;Bajaj Dominar 400;24900000;8;7;NO;credito;NO;Perdido
HX-02090;11/06/2026;Meta Ads;EMP-03;PV-013;Hero Xpulse 200;14990000;8;7;NO_INFORMA;contado;NO;Perdido
HX-02091;31/03/2026;WhatsApp;EMP-02;PV-006;Suzuki Gixxer 150;11990000;72;7;NO_INFORMA;credito;NO;Perdido
HX-02092;21/03/2026;WhatsApp;EMP-02;PV-006;Bajaj Pulsar NS 160;11290000;;0;SI;contado;NO;Sin gestión
HX-02093;13/04/2026;WhatsApp;EMP-02;PV-008;AKT TTR 200;9890000;2;7;NO;credito;SI;Perdido
HX-02094;31/03/2026;WhatsApp;EMP-02;PV-008;Bajaj Discover 125;6990000;72;2;NO;credito;NO;Perdido
HX-02095;26/06/2026;Meta Ads;EMP-03;PV-014;Honda XR 150L;11490000;16;5;SI;credito;NO;Perdido
HX-02096;14/03/2026;Meta Ads;EMP-03;PV-013;Suzuki Best 125;6590000;1;6;NO;credito;NO;Cerrado
HX-02097;5/04/2026;WhatsApp;EMP-02;PV-008;Bajaj Pulsar NS 125;8990000;72;7;NO;contado;SI;Perdido
HX-02098;22/06/2026;WhatsApp;EMP-01;PV-004;Suzuki Best 125;6590000;;0;SI;credito;NO;Sin gestión
HX-02099;14/04/2026;Meta Ads;EMP-03;PV-014;AKT TTR 200;9890000;120;4;SI;contado;NO;Perdido
HX-02100;11/05/2026;Meta Ads;EMP-03;PV-012;Honda Navi;7290000;;0;NO_INFORMA;credito;NO;Sin gestión
HX-02101;2/05/2026;Formulario Web;EMP-02;PV-008;Suzuki Best 125;6590000;1;3;NO;no_informa;NO;Perdido
HX-02102;12/04/2026;WhatsApp;EMP-02;PV-010;Honda Navi;7290000;8;7;SI;contado;NO;Perdido
HX-02103;31/05/2026;WhatsApp;EMP-02;PV-010;Bajaj Discover 125;6990000;8;6;SI;no_informa;NO;Perdido
HX-02104;29/04/2026;WhatsApp;EMP-03;PV-011;Hero Hunk 160R;10490000;1;3;SI;contado;NO;Perdido
HX-02105;23/03/2026;WhatsApp;EMP-02;PV-010;AKT Evo RS 150;7190000;8;1;NO;credito;NO;Cerrado
HX-02106;31/03/2026;WhatsApp;EMP-03;PV-013;AKT TTR 200;9890000;2;2;SI;credito;NO;Perdido
HX-02107;18/05/2026;Meta Ads;EMP-02;PV-008;Suzuki Gixxer 150;11990000;72;2;NO;credito;NO;Perdido
HX-02108;20/07/2026;Meta Ads;EMP-02;PV-006;Hero Eco Deluxe 100;4990000;4;7;NO;credito;SI;Perdido
HX-02109;19/04/2026;WhatsApp;EMP-01;PV-004;AKT Dynamic R3 125;5590000;48;3;NO_INFORMA;contado;SI;Perdido
HX-02110;24/07/2026;WhatsApp;EMP-02;PV-006;Bajaj Dominar 400;24900000;4;7;SI;credito;SI;Cerrado
HX-02111;10/05/2026;WhatsApp;EMP-02;PV-006;Honda Dio 110;6890000;72;6;SI;no_informa;NO;Perdido
HX-02112;27/03/2026;Meta Ads;EMP-03;PV-015;Bajaj Pulsar NS 160;11290000;8;5;NO;no_informa;NO;Perdido
HX-02113;17/07/2026;WhatsApp;EMP-03;PV-015;Suzuki Best 125;6590000;;0;SI;contado;SI;Sin gestión
HX-02114;27/07/2026;Meta Ads;EMP-01;PV-002;AKT Dynamic R3 125;5590000;2;5;SI;contado;NO;Perdido
HX-02115;5/07/2026;WhatsApp;EMP-02;PV-006;Bajaj Pulsar RS 200;15490000;4;6;SI;contado;NO;Perdido
HX-02116;1/05/2026;Meta Ads;EMP-03;PV-012;Bajaj Discover 125;6990000;48;4;SI;credito;NO;Perdido
HX-02117;17/06/2026;WhatsApp;EMP-01;PV-003;Hero Hunk 160R;10490000;16;1;NO;no_informa;NO;Perdido
HX-02118;8/03/2026;WhatsApp;EMP-02;PV-007;Suzuki Gixxer 150;11990000;8;2;SI;no_informa;NO;Perdido
HX-02119;18/03/2026;Meta Ads;EMP-03;PV-014;Suzuki V-Strom 250;21900000;2;1;SI;contado;SI;Cerrado
HX-02120;4/03/2026;WhatsApp;EMP-03;PV-014;Hero Hunk 160R;10490000;48;3;SI;credito;NO;Cerrado
HX-02121;2/04/2026;WhatsApp;EMP-02;PV-009;Bajaj Discover 125;6990000;;0;NO_INFORMA;credito;SI;Sin gestión
HX-02122;26/07/2026;Meta Ads;EMP-02;PV-009;Honda XRE 300;22900000;2;5;SI;contado;NO;Cerrado
HX-02123;15/03/2026;WhatsApp;EMP-03;PV-015;Bajaj Pulsar NS 125;8990000;2;7;SI;credito;SI;Perdido
HX-02124;29/06/2026;WhatsApp;EMP-03;PV-012;Honda XRE 300;22900000;2;5;NO_INFORMA;credito;SI;Perdido
HX-02125;9/05/2026;Meta Ads;EMP-01;PV-001;Bajaj Pulsar NS 125;8990000;8;4;NO_INFORMA;no_informa;NO;Perdido
HX-02126;25/03/2026;Meta Ads;EMP-02;PV-007;AKT Dynamic R3 125;5590000;0.5;2;NO;credito;NO;Perdido
HX-02127;20/04/2026;WhatsApp;EMP-03;PV-013;Honda XRE 300;22900000;24;4;NO;credito;NO;Perdido
HX-02128;15/05/2026;WhatsApp;EMP-01;PV-001;Honda Navi;7290000;1;5;NO_INFORMA;no_informa;NO;Perdido
HX-02129;29/05/2026;Formulario Web;EMP-03;PV-015;Bajaj Pulsar RS 200;15490000;4;1;NO;credito;NO;Perdido
HX-02130;22/07/2026;WhatsApp;EMP-02;PV-010;Honda CB 125F Twister;7990000;48;4;SI;credito;NO;Perdido
HX-02131;18/07/2026;WhatsApp;EMP-01;PV-001;Honda CB 190R;13990000;2;5;SI;credito;NO;Perdido
HX-02132;2/06/2026;Meta Ads;EMP-02;PV-009;Bajaj Pulsar NS 160;11290000;8;5;SI;credito;SI;Perdido
HX-02133;9/06/2026;WhatsApp;EMP-02;PV-007;Hero Dash 110;6290000;0.5;7;NO_INFORMA;credito;NO;Perdido
HX-02134;15/05/2026;WhatsApp;EMP-02;PV-010;Bajaj Pulsar NS 160;11290000;8;7;SI;credito;NO;Perdido
HX-02135;26/07/2026;Meta Ads;EMP-02;PV-010;AKT TTR 200;9890000;16;6;SI;credito;NO;Perdido
HX-02136;19/06/2026;Meta Ads;EMP-01;PV-004;Honda XRE 300;22900000;;0;NO_INFORMA;no_informa;NO;Sin gestión
HX-02137;19/07/2026;WhatsApp;EMP-03;PV-013;Bajaj Boxer CT 100;5790000;16;3;NO;no_informa;SI;Perdido
HX-02138;2/06/2026;WhatsApp;EMP-02;PV-007;Bajaj Pulsar NS 160;11290000;8;6;SI;credito;NO;Perdido
HX-02139;26/03/2026;WhatsApp;EMP-03;PV-012;Bajaj Boxer CT 100;5790000;48;6;NO;contado;SI;Perdido
HX-02140;6/06/2026;Meta Ads;EMP-03;PV-015;Honda Navi;7290000;72;4;NO;credito;NO;Perdido
HX-02141;22/05/2026;WhatsApp;EMP-01;PV-005;AKT NKD 125;5290000;1;4;NO_INFORMA;credito;NO;Perdido
HX-02142;22/05/2026;WhatsApp;EMP-01;PV-005;Suzuki V-Strom 250;21900000;8;6;SI;contado;NO;Perdido
HX-02143;28/04/2026;WhatsApp;EMP-01;PV-005;AKT TTR 200;9890000;1;7;NO;no_informa;NO;Perdido
HX-02144;11/03/2026;WhatsApp;EMP-03;PV-014;Bajaj Pulsar NS 160;11290000;2;1;SI;credito;NO;Perdido
HX-02145;29/05/2026;WhatsApp;EMP-01;PV-005;Honda CB 125F Twister;7990000;1;5;SI;no_informa;NO;Perdido
HX-02146;7/05/2026;Meta Ads;EMP-03;PV-013;AKT NKD 125;5290000;48;3;NO_INFORMA;contado;SI;Perdido
HX-02147;18/06/2026;WhatsApp;EMP-03;PV-013;Bajaj Dominar 400;24900000;0.5;5;NO;credito;NO;Cerrado
HX-02148;3/07/2026;WhatsApp;EMP-03;PV-015;AKT TTR 200;9890000;24;1;SI;credito;NO;Perdido
HX-02149;20/06/2026;WhatsApp;EMP-02;PV-008;Honda CB 190R;13990000;72;6;NO;credito;NO;Perdido
HX-02150;5/04/2026;WhatsApp;EMP-03;PV-013;Bajaj Pulsar RS 200;15490000;48;1;NO;no_informa;NO;Perdido
HX-02151;6/06/2026;WhatsApp;EMP-01;PV-003;Bajaj Discover 125;6990000;4;2;NO_INFORMA;credito;NO;Perdido
HX-02152;24/03/2026;Formulario Web;EMP-02;PV-006;Honda XRE 300;22900000;;0;NO;credito;SI;Sin gestión
HX-02153;19/05/2026;WhatsApp;EMP-01;PV-002;Suzuki Best 125;6590000;4;5;NO;credito;NO;Perdido
HX-02154;5/05/2026;Meta Ads;EMP-03;PV-014;Honda XR 150L;11490000;120;3;NO;credito;NO;Perdido
HX-02155;9/07/2026;Meta Ads;EMP-01;PV-001;Hero Eco Deluxe 100;4990000;4;4;SI;contado;NO;Perdido
HX-02156;30/03/2026;WhatsApp;EMP-01;PV-003;Honda XR 150L;11490000;8;5;NO;no_informa;SI;Perdido
HX-02157;12/04/2026;Meta Ads;EMP-02;PV-010;Suzuki Best 125;6590000;72;1;SI;credito;SI;Perdido
HX-02158;18/04/2026;WhatsApp;EMP-01;PV-005;Honda XR 150L;11490000;48;5;NO_INFORMA;credito;NO;Perdido
HX-02159;7/07/2026;Meta Ads;EMP-02;PV-008;AKT Evo RS 150;7190000;48;1;SI;no_informa;NO;Perdido
HX-02160;17/07/2026;Formulario Web;EMP-01;PV-005;Bajaj Pulsar RS 200;15490000;2;2;NO;credito;NO;Perdido
HX-02161;2/07/2026;Meta Ads;EMP-01;PV-004;Hero Dash 110;6290000;2;7;NO;credito;NO;Cerrado
HX-02162;3/07/2026;WhatsApp;EMP-01;PV-001;Hero Hunk 160R;10490000;72;5;NO;no_informa;SI;Perdido
HX-02163;10/05/2026;WhatsApp;EMP-02;PV-006;AKT Dynamic R3 125;5590000;2;6;NO_INFORMA;no_informa;SI;Perdido
HX-02164;28/07/2026;Meta Ads;EMP-01;PV-003;Bajaj Dominar 400;24900000;72;5;SI;credito;NO;Perdido
HX-02165;14/06/2026;WhatsApp;EMP-01;PV-001;Suzuki Gixxer 150;11990000;24;4;SI;credito;SI;Perdido
HX-02166;17/06/2026;WhatsApp;EMP-02;PV-007;Bajaj Boxer CT 100;5790000;1;6;NO_INFORMA;credito;NO;Perdido
HX-02167;15/07/2026;WhatsApp;EMP-03;PV-015;Bajaj Pulsar NS 160;11290000;0.5;7;SI;credito;NO;Perdido
HX-02168;11/03/2026;WhatsApp;EMP-01;PV-002;Honda XRE 300;22900000;8;4;SI;no_informa;NO;Perdido
HX-02169;25/03/2026;Meta Ads;EMP-01;PV-005;AKT NKD 125;5290000;72;3;SI;credito;SI;Perdido
HX-02170;8/06/2026;WhatsApp;EMP-02;PV-008;AKT Evo RS 150;7190000;48;2;NO;no_informa;NO;Perdido
HX-02171;3/04/2026;WhatsApp;EMP-01;PV-005;Bajaj Boxer CT 100;5790000;2;2;SI;credito;NO;Perdido
HX-02172;18/07/2026;Formulario Web;EMP-03;PV-015;Bajaj Boxer CT 100;5790000;2;6;SI;contado;NO;Perdido
HX-02173;28/04/2026;WhatsApp;EMP-01;PV-003;Suzuki GN 125;7490000;;0;NO;credito;SI;Sin gestión
HX-02174;12/07/2026;Formulario Web;EMP-02;PV-009;Suzuki V-Strom 250;21900000;16;2;NO_INFORMA;credito;NO;Perdido
HX-02175;2/07/2026;WhatsApp;EMP-02;PV-006;Honda XR 150L;11490000;0.5;5;NO;no_informa;NO;Perdido
HX-02176;17/07/2026;Meta Ads;EMP-01;PV-004;Suzuki GN 125;7490000;72;4;NO_INFORMA;credito;NO;Perdido
HX-02177;30/06/2026;WhatsApp;EMP-03;PV-013;Suzuki Best 125;6590000;16;2;NO;no_informa;NO;Perdido
HX-02178;22/06/2026;WhatsApp;EMP-01;PV-004;Honda Dio 110;6890000;48;4;NO;credito;NO;Perdido
HX-02179;1/07/2026;Formulario Web;EMP-03;PV-013;Honda XRE 300;22900000;;0;SI;no_informa;NO;Sin gestión
HX-02180;6/04/2026;Meta Ads;EMP-03;PV-014;Honda Navi;7290000;48;6;SI;credito;NO;Perdido
HX-02181;31/03/2026;Formulario Web;EMP-03;PV-015;Hero Xpulse 200;14990000;;0;NO;credito;NO;Sin gestión
HX-02182;11/06/2026;Formulario Web;EMP-02;PV-009;Bajaj Pulsar NS 160;11290000;72;6;SI;credito;SI;Cerrado
HX-02183;15/05/2026;WhatsApp;EMP-02;PV-009;Hero Hunk 160R;10490000;0.5;3;NO;no_informa;NO;Perdido
HX-02184;28/04/2026;WhatsApp;EMP-02;PV-006;Honda Dio 110;6890000;1;4;NO_INFORMA;credito;NO;Perdido
HX-02185;20/05/2026;WhatsApp;EMP-01;PV-001;Suzuki GN 125;7490000;4;2;SI;no_informa;SI;Cerrado
HX-02186;23/07/2026;WhatsApp;EMP-03;PV-014;Bajaj Pulsar NS 125;8990000;8;6;NO;credito;NO;Perdido
HX-02187;5/04/2026;WhatsApp;EMP-02;PV-009;Honda CB 190R;13990000;1;6;SI;credito;SI;Perdido
HX-02188;3/07/2026;Meta Ads;EMP-01;PV-004;Hero Xpulse 200;14990000;1;7;NO;contado;NO;Perdido
HX-02189;11/07/2026;WhatsApp;EMP-03;PV-014;Honda Dio 110;6890000;48;5;SI;no_informa;NO;Perdido
HX-02190;29/04/2026;Formulario Web;EMP-01;PV-002;Hero Xpulse 200;14990000;8;3;NO_INFORMA;credito;NO;Perdido
HX-02191;24/06/2026;WhatsApp;EMP-03;PV-011;Honda XR 150L;11490000;8;3;NO;credito;NO;Perdido
HX-02192;9/06/2026;WhatsApp;EMP-02;PV-008;Bajaj Pulsar NS 160;11290000;8;5;SI;credito;NO;Perdido
HX-02193;24/05/2026;WhatsApp;EMP-03;PV-014;Bajaj Dominar 400;24900000;2;4;SI;contado;NO;Cerrado
HX-02194;4/04/2026;Meta Ads;EMP-03;PV-011;Suzuki GN 125;7490000;4;4;NO;credito;SI;Perdido
HX-02195;29/06/2026;WhatsApp;EMP-03;PV-012;Honda CB 190R;13990000;0.5;2;NO_INFORMA;no_informa;SI;Perdido
HX-02196;2/06/2026;WhatsApp;EMP-01;PV-001;Bajaj Pulsar NS 160;11290000;48;6;SI;credito;NO;Perdido
HX-02197;3/03/2026;WhatsApp;EMP-02;PV-010;Hero Eco Deluxe 100;4990000;48;7;SI;no_informa;NO;Perdido
HX-02198;17/06/2026;WhatsApp;EMP-02;PV-009;Bajaj Pulsar NS 160;11290000;4;3;NO_INFORMA;credito;NO;Perdido
HX-02199;25/06/2026;WhatsApp;EMP-02;PV-009;Bajaj Dominar 400;24900000;8;7;SI;contado;SI;Perdido
HX-02200;20/06/2026;WhatsApp;EMP-02;PV-007;Bajaj Pulsar NS 160;11290000;120;5;SI;no_informa;SI;Perdido
